p_val	avg_log2FC	pct.1	pct.2	p_val_adj	Gene
1.1705384168890008e-33	-3.355927755869999	0.054	0.86	2.2611290599044828e-29	Fez1
3.9980327796987757e-29	-3.165119648072112	0.208	0.98	7.722999920544125e-25	Zeb1
1.9472461578562674e-27	-3.2945320506981606	0.083	0.82	3.7614954031309516e-23	Dclk1
4.76651397513958e-27	6.825470600354171	1	0.12	9.207475045777126e-23	Krt8
5.5269624012857575e-27	5.746298483035251	1	0.18	1.0676433270563698e-22	Epcam
1.0311468700586024e-26	3.7855268031181124	1	0.54	1.9918664088922022e-22	Krt7
1.1595097304357606e-26	4.986109348041008	0.994	0.1	2.2398249462827586e-22	Vwf
2.1388629582689152e-26	6.000066657665474	0.988	0.1	4.1316415764880634e-22	Krt18
2.6587656859512034e-26	5.569178757144778	0.982	0	5.135937675551939e-22	Cldn7
2.771018445874107e-26	3.150678590222727	1	0.54	5.352776331895013e-22	Spint2
2.80690327622826e-26	-4.066874379399968	0.024	0.66	5.42209505869013e-22	Gpc3
2.8808549366362465e-26	3.081690665105709	1	0.92	5.564947481100238e-22	Cd9
3.560118329285442e-26	4.663192094948957	0.988	0.14	6.8770805766806885e-22	Mctp2
3.628225770431187e-26	4.804800293114799	0.982	0.06	7.008643720741923e-22	Cdh1
3.7884605209843765e-26	3.935365591842247	1	0.24	7.318169188385521e-22	Cldn3
4.8908901952792605e-26	-2.3519001789753515	0.065	0.78	9.447732590220948e-22	Jam3
5.793018941023555e-26	3.6115388949361606	1	0.62	1.1190374688375202e-21	Cdc14b
8.722609000927708e-26	2.818024555582273	1	0.78	1.6849463807092055e-21	Limch1
9.041405023946692e-26	-2.85475029182407	0.054	0.72	1.7465282084757824e-21	Tub
9.534061235213203e-26	4.746357182086144	0.976	0.12	1.8416946088061342e-21	Espn
1.067419673186082e-25	4.441293629840942	0.97	0.02	2.0619345826935546e-21	Mapk13
2.0324087867498042e-25	4.7360360029563076	0.964	0.02	3.926004053364597e-21	Rab25
3.3299825382854835e-25	4.9233750179988	0.958	0	6.432527269206068e-21	Tspan1
7.900705410727319e-25	1.9540483455381026	1	0.96	1.5261792641901964e-20	Cystm1
9.849950950737125e-25	2.8812811842194317	0.988	0.56	1.9027150251538905e-20	Msrb1
4.814004169971294e-24	-2.822147788959061	0.03	0.64	9.29921185513355e-20	Fhl1
6.110416741905294e-24	3.463166738330803	0.952	0.2	1.1803492020338457e-19	Atp8b1
1.944518633157511e-23	3.6836014896992317	0.946	0.22	3.756226643670364e-19	Anxa4
4.161955455767122e-23	4.566119867286064	0.911	0	8.039649353905349e-19	Gpx2
1.0973159285632649e-22	-2.8028772539704256	0.232	0.88	2.119685179205659e-18	Nfix
1.3325847049010049e-22	-2.6553837576888215	0.369	1	2.574153874457271e-18	Gpc6
1.4711393077929327e-22	-2.060354108200579	0.054	0.68	2.8417998008636083e-18	Fndc4
2.0385413746783718e-22	-2.3475846157630436	0.321	0.98	3.937850373466211e-18	Rbms3
2.4380854905820685e-22	-2.924838350577054	0.054	0.66	4.709649742157381e-18	Clmp
2.451634286770036e-22	-2.6547610780423696	0.018	0.56	4.735821951753679e-18	Miat
3.4074519749096984e-22	1.6509575234266145	0.994	0.98	6.582174979933064e-18	Reep5
4.419599860843757e-22	-2.6763357463687614	0.03	0.6	8.537341051191885e-18	Dbn1
5.831320260997099e-22	-3.422399615080694	0.149	0.76	1.1264361348168095e-17	Ttc9b
6.5368533497674735e-22	-1.9428390339722086	0.006	0.52	1.2627239615745829e-17	Gnai1
7.445069857402259e-22	-2.1358010857576404	0.006	0.52	1.4381641443543944e-17	Cnksr2
1.0070573195672838e-21	3.830604085423289	0.881	0.02	1.9453326242081223e-17	Sult2b1
1.1013944487629867e-21	-2.402309812451441	0.226	0.88	2.1275636566754614e-17	Zeb2
1.1584094815109555e-21	-2.6207481491337443	0.375	0.98	2.2376995954347127e-17	Foxp2
1.2814262336001093e-21	4.530658237780869	0.875	0	2.4753310554453313e-17	Cnpy1
2.2903023166472215e-21	3.248739614001863	0.964	0.58	4.4241769850674375e-17	Id4
3.1395143325345776e-21	-2.4609608785867887	0.036	0.6	6.064599836157044e-17	P3h2
4.0658723666693984e-21	-1.8461589697027256	0.78	1	7.854045650695277e-17	B3galt1
5.002260703880142e-21	2.227465067865761	0.994	0.94	9.66286700168527e-17	Tmem158
6.691486163675492e-21	3.969931363904716	0.857	0	1.292594382237195e-16	Dsp
6.8771290320045e-21	1.9681108809792747	1	0.74	1.3284550151123092e-16	Ascl1
1.5572024585948456e-20	2.0342240456154896	0.988	0.76	3.0080479892676633e-16	Kcnk1
1.7756163221189702e-20	3.5724106189828593	0.857	0.04	3.429958049437215e-16	Tmem184a
2.4920767897894472e-20	-3.465905698647656	0.048	0.6	4.813944734836275e-16	Grm7
2.765202822720847e-20	3.3787289179720563	0.851	0.04	5.34154229264986e-16	Col18a1
2.83834820465951e-20	-2.3157672052118485	0.464	0.96	5.482837226940775e-16	Cald1
3.54490316723686e-20	3.45743220420035	0.905	0.22	6.847689448151442e-16	Dapk2
6.56794244718644e-20	1.4946397960266256	1	1	1.2687294425230047e-15	Arpc5l
8.203755882335778e-20	-2.236098991688351	0.095	0.7	1.5847195237908024e-15	Gpm6b
1.0082667692848197e-19	-2.725135319376807	0.089	0.68	1.947668918227486e-15	Msn
1.37802783725024e-19	-2.8886774691091803	0.155	0.76	2.6619363732162887e-15	Rtn1
1.478218122743862e-19	3.380555121030878	0.875	0.18	2.8554739477043184e-15	Upp1
1.5816654533505982e-19	2.2630892150129247	0.994	0.72	3.0553031562373504e-15	Cdh13
1.6602879847474665e-19	3.4353062397355227	0.899	0.28	3.207178300136681e-15	Enpep
2.0997545252263918e-19	2.739972964502096	0.911	0.2	4.056095816379821e-15	Patj
2.579040453800231e-19	2.1550114956541124	0.935	0.62	4.981932444605906e-15	Mpzl1
3.3588987506342493e-19	1.7428565445831585	0.982	0.74	6.48838471660018e-15	Tmem238
4.532439536268143e-19	3.4225378650682323	0.81	0	8.755313452209172e-15	St14
4.536711367176624e-19	-2.4233201755281124	0.012	0.48	8.763565347975086e-15	Fut9
4.852776579704291e-19	3.0756469086151177	0.863	0.14	9.374108519014778e-15	Ocln
7.175527388977902e-19	3.678569115344357	0.81	0.02	1.3860966257288614e-14	Esrp1
7.530891022674186e-19	4.447604076912352	0.804	0	1.4547422188499726e-14	Skap1
8.98252620361081e-19	-2.2025599518077623	0.06	0.62	1.7351545867515e-14	Tafa5
1.0035077974803594e-18	2.454005990710303	0.958	0.64	1.93847601239281e-14	Pclo
1.1351563075954776e-18	3.211575175263288	0.833	0.08	2.192781439382184e-14	Ret
1.1404944545668824e-18	1.2552600592698726	0.994	1	2.2030931378868466e-14	Mpc2
1.6234169066348592e-18	3.001785244949095	0.833	0.12	3.135954438546558e-14	Lsr
2.0532344434475737e-18	3.44278946926464	0.792	0	3.966232974407678e-14	Cited4
2.4479868740992334e-18	3.5049576876985276	0.81	0.06	4.728776244697489e-14	Spint1
3.3082754792231182e-18	1.1480536430850414	0.994	1	6.390595743215298e-14	Atp6v0b
3.516557172937629e-18	3.507432202055364	0.792	0.02	6.792933490963618e-14	Cib3
5.753109239421217e-18	-3.399896381463237	0.089	0.64	1.1113281117789965e-13	Sox11
5.9352260210848825e-18	-3.681452664812885	0.238	0.78	1.1465076104929667e-13	Rbfox1
7.377144926016377e-18	2.670634631482259	0.911	0.32	1.4250430853585835e-13	Pcsk1
7.534027922233137e-18	3.696221759548277	0.833	0.16	1.4553481737377752e-13	Nr3c2
8.237797781624593e-18	3.543174869449949	0.815	0.12	1.5912953974764227e-13	Galnt14
1.0096443246180176e-17	3.1311250973056057	0.839	0.2	1.9503299418646247e-13	Zfp618
1.0360706074854485e-17	-2.040306877602332	0.065	0.6	2.001377592479641e-13	Sacs
1.0928385106751883e-17	-2.3663831159642434	0.03	0.5	2.1110361510712612e-13	Gfra1
1.1419574319598416e-17	2.5900856136076364	0.881	0.38	2.205919171316826e-13	Rap1gap2
1.2164962490016221e-17	1.8705936426198686	0.988	0.72	2.3499058041964337e-13	Cadps2
1.508348348517317e-17	2.999768277954876	0.821	0.12	2.9136765048309014e-13	Hsbp1l1
1.923593310951228e-17	-2.1981900868365933	0.155	0.72	3.715805198764487e-13	Tcaf1
2.0439391560289727e-17	2.632020735692082	0.905	0.58	3.948277267701166e-13	Cdc14a
2.2418394186745838e-17	3.413304760803334	0.815	0.16	4.3305612050536935e-13	Etl4
2.958969396319929e-17	-2.4307846310370382	0.095	0.64	5.715841182871207e-13	Spock1
2.973602804686785e-17	1.8983184626720564	1	0.88	5.744108537813463e-13	9030622O22Rik
3.339559682086848e-17	2.1139425022696687	0.929	0.6	6.451027437887164e-13	Atp1b1
4.3522204473202706e-17	-3.6659590858893107	0.095	0.62	8.407184238088567e-13	S100a10
5.28007001429752e-17	2.617452030648339	0.869	0.26	1.019951124661852e-12	Map3k15
5.3649426121775e-17	-2.1626207253765872	0.012	0.44	1.0363459643943276e-12	5330434G04Rik
5.926646563276245e-17	2.90555771203128	0.786	0.08	1.1448503166280722e-12	Myh14
6.041154789278876e-17	3.1581939709328584	0.75	0	1.1669698706450005e-12	Bspry
6.966096817725837e-17	2.122466218883889	0.917	0.46	1.3456409222801e-12	Slco3a1
7.056041922437908e-17	3.0744780928794144	0.762	0.04	1.3630156181573308e-12	F11r
8.125120361337724e-17	-2.845712873386921	0	0.38	1.569529500199608e-12	Erbb4
9.63801625838827e-17	3.3612974273090632	0.744	0	1.861775600632862e-12	Ap1m2
9.677391817844974e-17	2.3388758356005597	0.952	0.5	1.8693817774531136e-12	Thsd4
9.805047831037537e-17	-1.552956812416359	0.964	1	1.894041089521521e-12	Tmsb4x
1.0976502440675211e-16	2.104096841217404	0.899	0.42	2.1203309764652304e-12	Rap1gap
1.2505193619425623e-16	2.833508419236954	0.97	0.4	2.4156282514644474e-12	Ifitm3
1.2762214973263933e-16	-3.0240020569135853	0.119	0.64	2.465277066385394e-12	Dock10
1.3756949105654607e-16	-2.425443591215842	0.196	0.72	2.6574298587393003e-12	Tagln3
1.5222100188649294e-16	-2.065968796469807	0.006	0.4	2.940453093441384e-12	Sgip1
1.6983501883286397e-16	-1.6679450266703062	0.327	0.9	3.2807030587944333e-12	Bcat1
1.6984692061854256e-16	2.092181304543214	0.899	0.48	3.2809329655883866e-12	Ffar4
1.7115572760928027e-16	-1.7381021200275992	0.036	0.5	3.306215190228467e-12	Tspan6
1.9773759810578357e-16	-2.2284409405741696	0.274	0.88	3.819697182609421e-12	Pcdh7
2.3527885402982534e-16	2.5559431612898176	0.815	0.22	4.544881623294136e-12	Vamp8
2.7527569305101746e-16	-2.7660326182476727	0.125	0.64	5.317500562666504e-12	Gria2
2.8320019803084315e-16	3.0037728241569117	0.78	0.04	5.470578225361797e-12	Elf3
3.5266941196997745e-16	0.9552391714721398	1	1	6.812515031024055e-12	Uqcr10
4.3937146661472117e-16	-1.917164678696566	0.036	0.5	8.487338620596569e-12	Tro
4.574213347093926e-16	-1.896021597441895	0.345	0.9	8.836007922581337e-12	Sh3bgrl
5.308320820753487e-16	3.336310846357103	0.768	0.1	1.025408332944951e-11	Kcnh8
5.787497734805645e-16	2.4252419585359872	0.875	0.26	1.1179709374324064e-11	Rgs17
6.064858994876853e-16	-2.555112734084507	0	0.36	1.1715488120403617e-11	Slc44a5
6.751872549167026e-16	1.9355772889262146	0.958	0.54	1.3042592203225944e-11	Nipal2
6.792367708594877e-16	2.7277795764303145	0.839	0.18	1.3120816702692724e-11	Scn9a
8.464350841313795e-16	-2.5059605161310516	0.024	0.44	1.635058652016586e-11	Stmn4
8.481759208709927e-16	-3.7343618311324014	0.19	0.7	1.6384214263464966e-11	Sox6
1.0185058517198844e-15	-2.241072693073165	0.024	0.44	1.967447753767301e-11	Pde4b
1.1396982216240071e-15	-3.360039640981279	0.012	0.4	2.2015550547110946e-11	Grik2
1.5982327981983612e-15	3.060484643885937	0.72	0.02	3.087306296279774e-11	Tmc4
1.6241028069331362e-15	-2.9838877588307353	0.018	0.42	3.137279392152739e-11	Dpysl3
1.6587346506205247e-15	-1.8910529201061559	0.036	0.48	3.204177724603668e-11	Cachd1
1.7465914449034592e-15	1.7254651388095388	0.994	0.6	3.373890694120012e-11	Ntn4
1.8034297944125746e-15	2.7262515990193386	0.881	0.4	3.4836853338667704e-11	Spock3
1.8106008235972847e-15	2.920709248046954	0.768	0.12	3.497537610942875e-11	Stard10
2.0596806586102313e-15	-2.054683153257542	0.81	0.98	3.9786851282373835e-11	Ank2
2.44663918003658e-15	-2.7844880078915337	0.107	0.6	4.726172904076661e-11	Pdzrn4
2.447455461228393e-15	-1.8307264840161959	0.583	0.98	4.727749714454887e-11	Greb1l
3.0942728808820806e-15	1.850650915688255	0.982	0.58	5.977206923999916e-11	Nebl
3.76130889574203e-15	1.233665412705762	1	0.96	7.26572039390488e-11	Ucp2
5.288283184752917e-15	-1.8035537561308774	0.089	0.6	1.021537662798721e-10	Mir100hg
5.370988159682162e-15	1.8723873871390162	0.917	0.54	1.0375137828058032e-10	Lima1
5.428206111152907e-15	3.4909198208168175	0.69	0	1.048566574491407e-10	Smoc2
5.9624954319422475e-15	1.8663585639685591	0.923	0.62	1.151775242588284e-10	Vgll4
6.377311333689714e-15	1.1235404209246433	0.988	0.96	1.231905230328842e-10	H2afj
6.7184825731336314e-15	-2.6425778629301857	0.065	0.52	1.2978092786522235e-10	Antxr1
6.812379089984972e-15	2.996839602858472	0.756	0.12	1.315947268812397e-10	Kcnk3
6.9016773658732724e-15	1.7606176232562787	0.946	0.86	1.3331970167657402e-10	Btg2
7.201423468772928e-15	-1.804927877730757	0.024	0.42	1.3910989714628664e-10	Lix1l
7.291919364102933e-15	2.714034119541153	0.75	0.1	1.4085800635637636e-10	Galnt3
7.498417935665019e-15	-2.645038595556367	0.012	0.38	1.4484693926324118e-10	Mgat4c
7.840191067497779e-15	1.7046161963371698	0.964	0.66	1.514489708508546e-10	Aldh1a7
8.667975947484861e-15	-2.1431095069919843	0.173	0.7	1.6743929137756507e-10	Vat1l
1.2759830959368056e-14	3.2217342200347603	0.679	0	2.4648165464211275e-10	Cldn6
2.0844401828760747e-14	2.6698576582016487	0.726	0.1	4.0265131012617135e-10	Cryba2
2.536759440434235e-14	-0.87875901737055	0.994	1	4.900258211086811e-10	Nfib
2.5826465170402195e-14	-1.7845929684288437	0.357	0.86	4.988898276966592e-10	Magi1
2.8680671790764436e-14	-1.997091514350525	0.042	0.46	5.540245369821966e-10	Igfbp2
3.2156233559749485e-14	-1.3823323510073204	0	0.32	6.211619636736808e-10	Gm13889
3.2156233559749485e-14	-1.7111997503843386	0	0.32	6.211619636736808e-10	Adgrb2
3.65979437777598e-14	-1.7557526468488707	0.149	0.68	7.06962479954986e-10	Prr7
4.056516167855889e-14	3.187201495048309	0.702	0.08	7.83597228144722e-10	Slc12a8
4.815539372965918e-14	-1.8172657672194044	0.03	0.42	9.302177406758264e-10	Fbll1
5.162234705338887e-14	-1.7940278664963663	0.03	0.42	9.971888780303127e-10	Plppr5
5.239353017283683e-14	-2.024211065830252	0.202	0.72	1.0120858223486891e-9	Pmepa1
5.6634592659315916e-14	2.9467911828254825	0.685	0.04	1.0940104264000056e-9	1700019D03Rik
6.13906474926513e-14	-2.097030314180172	0.018	0.38	1.1858831376155451e-9	Pcolce2
6.495673391080787e-14	1.9941563997485998	0.94	0.64	1.2547692289550756e-9	Rbp4
6.696762057330083e-14	-2.378671320217969	0.19	0.68	1.2936135266144522e-9	Zcchc12
6.824229838988377e-14	-1.7944421758030196	0.173	0.68	1.3182364779973848e-9	Soga1
7.962059740991844e-14	4.42253591831091	0.702	0.1	1.5380310801673944e-9	Dlgap2
8.434673809758396e-14	2.7818536306003163	0.696	0.08	1.6293259398310292e-9	Cdcp1
1.1975328983439797e-13	-1.6688273354115077	0.446	0.9	2.3132742997310657e-9	Dennd5a
1.3732115996344293e-13	-1.456478672971059	0.863	0.98	2.652632847013827e-9	Pgrmc1
1.3953849632170977e-13	2.7734153967693267	0.655	0.02	2.6954651334464675e-9	Grb7
1.4535444102729858e-13	-1.7621595650869704	0.643	0.96	2.8078117373243267e-9	Auts2
1.495957763741129e-13	1.8725560496437992	0.845	0.56	2.8897416122187386e-9	Itga6
1.57864221047403e-13	-2.474482873480857	0.131	0.6	3.0494631579726837e-9	Tubb6
1.6615755183813209e-13	0.9498430141241454	1	0.98	3.2096654288571973e-9	Guk1
2.0305336730633267e-13	-1.7500477023828953	0.065	0.5	3.922381896256428e-9	Astn1
2.2857249974849063e-13	-1.5526024683164836	0	0.3	4.415334977641594e-9	Ppp1r1a
2.330439812377441e-13	-1.8282316834204257	0.042	0.44	4.501710585569503e-9	Gabra5
2.433155970124898e-13	2.8455895910238396	0.708	0.12	4.7001273874902655e-9	Slc41a2
2.5916673100918995e-13	2.6953352766519014	0.667	0.06	5.0063237429045226e-9	Mal2
3.0030069940990503e-13	-2.9848745131975454	0.167	0.64	5.8009086105011356e-9	Myt1l
3.9010027742351604e-13	-2.266502140861691	0.077	0.5	7.53556705899006e-9	Dgki
4.154355940466053e-13	-1.9326547217862697	0.042	0.44	8.024969370198275e-9	Samd4
4.222564995399334e-13	-1.5066664546759607	0.006	0.32	8.156728801612894e-9	Hunk
4.4786954556187297e-13	1.9984657282249327	0.827	0.42	8.6514960116187e-9	Gramd3
4.616011356792541e-13	-1.6010911444094786	0.083	0.54	8.916749137916152e-9	Pwwp3b
5.505380996497291e-13	-1.2749120320898852	0.012	0.34	1.0634744470933816e-8	Prtg
6.490928841867745e-13	-2.0138351168850313	0.292	0.8	1.2538527243835923e-8	Filip1l
7.151549861833987e-13	1.9966397057363272	0.875	0.6	1.3814648868104712e-8	Shroom3
7.402792264834092e-13	3.3183897608030004	0.619	0	1.4299973817980015e-8	Arhgef38
7.475790287530465e-13	-1.4818319138887226	0.012	0.34	1.44409840984226e-8	Lingo1
8.124503155293805e-13	2.76792327538859	0.756	0.3	1.5694102745081042e-8	Crip1
8.896467683414856e-13	1.520711780218816	0.929	0.78	1.7185306624052476e-8	Ctsz
9.254445812680398e-13	-1.5981449882256509	0.244	0.76	1.7876812976354726e-8	Nrxn2
9.50071910553129e-13	1.6693502025300797	0.935	0.72	1.835253909615479e-8	Fhl2
1.0273099980774277e-12	1.9672594797060148	0.815	0.46	1.984454723286167e-8	Grasp
1.0444802520206542e-12	1.0208337939004473	0.994	1	2.0176225028282976e-8	Myl12b
1.0751849486160724e-12	-1.2970541657281518	0.542	0.92	2.076934765241667e-8	Nudt19
1.1234240524165851e-12	-1.0227490915183426	0.952	1	2.1701182420531174e-8	Tcf4
1.1812010158331073e-12	1.6118525475924903	0.929	0.72	2.2817260022848133e-8	Ogfrl1
1.2552037908835402e-12	2.484397157117408	0.696	0.16	2.4246771628497347e-8	Arfgap3
1.2622544332629193e-12	-2.0938840264247114	0.071	0.5	2.438296888733981e-8	Gli3
1.4079427658798811e-12	-2.932841485639158	0.179	0.64	2.7197230408501662e-8	Nkain3
1.5395452907394361e-12	0.8307314699818138	0.994	1	2.973939638121369e-8	Arf5
1.5456317273509866e-12	-1.4580819017825166	0.054	0.46	2.9856968077239006e-8	Cacng4
1.599692956542767e-12	-2.090971619696864	0	0.28	3.090126884153663e-8	Rbfox3
2.088781494545818e-12	-0.7576956258821124	0.03	0.4	4.034899213014157e-8	St6galnac3
2.11827751844579e-12	-1.0488897463185833	0.839	1	4.0918766823817325e-8	Csnk1e
2.283676571679484e-12	-1.2806043718500657	0.006	0.3	4.411378033513259e-8	Adamts20
2.3212131315786176e-12	1.5416903679483207	0.946	0.64	4.4838874062704157e-8	Jakmip2
2.3600149845049464e-12	-1.5318548677389767	0.089	0.52	4.558840945568205e-8	Sh3pxd2b
2.4363011127106385e-12	-1.4538403838556193	0.202	0.7	4.70620285942314e-8	Ltbp4
2.5814373537060935e-12	-2.327921793281794	0.185	0.66	4.986562536154061e-8	Anks1b
2.596511828253861e-12	2.70722157141358	0.637	0.06	5.015681898637983e-8	Acer2
2.765724383358427e-12	-1.725857892411708	0.196	0.7	5.3425497913334736e-8	Rab34
3.179403233763908e-12	-2.5358214575252487	0.071	0.48	6.141653226661741e-8	Tppp3
3.2048269513662678e-12	2.505072170964546	0.744	0.24	6.190764221954219e-8	Bik
3.4231915881355455e-12	-1.6998393347545275	0.28	0.76	6.612579190801433e-8	Mex3a
3.477161626069508e-12	-2.0705003982506915	0.018	0.34	6.716833113078469e-8	Spats2l
3.899236345147406e-12	2.2435025394359305	0.81	0.46	7.532154847921243e-8	2610035D17Rik
3.989672717690536e-12	-2.307551677761832	0.012	0.32	7.706850788762808e-8	Ppp2r2b
4.110312339392229e-12	2.7259751704094644	0.607	0.02	7.939890346003969e-8	Grhl2
4.378495415547866e-12	-1.9541517290121289	0.333	0.82	8.457939594213813e-8	Mxra7
4.532068805632866e-12	-1.793258474633989	0.369	0.82	8.754597311841007e-8	Arhgap10
5.144227877852668e-12	-1.4789301775351968	0.185	0.7	9.937104991647999e-8	Parp8
5.253948483016932e-12	2.561448059202603	0.69	0.16	1.0149052284643807e-7	Myo5b
5.438798705160858e-12	-1.6676542675342758	0.042	0.4	1.0506127458759229e-7	4930578M01Rik
5.5534175206398855e-12	1.2666057290865982	0.958	0.84	1.0727536624620066e-7	Hagh
5.589544736936066e-12	-1.1604702975066388	0.798	0.96	1.0797323568339398e-7	Nudt4
5.834158564455481e-12	2.224144281250419	0.738	0.24	1.1269844098958653e-7	Ttc39a
6.198932477053057e-12	-2.569001559303922	0.089	0.5	1.197447786592339e-7	Slit2
6.2300333008906834e-12	1.0924648309683789	0.988	0.92	1.2034555327330532e-7	Tmem134
6.539908795124926e-12	-1.5333383920276358	0.161	0.64	1.2633141819542819e-7	Nectin3
7.486581177100143e-12	1.445114644752833	0.929	0.88	1.4461828859804347e-7	Dstn
7.673976058742842e-12	-1.9541086500881946	0.202	0.68	1.4823819552673548e-7	Negr1
7.920111231696692e-12	1.6721629154968414	0.887	0.62	1.5299278866268499e-7	Wnk2
8.148645125223313e-12	-0.7043404085230907	0.988	1	1.5740737788393872e-7	Fkbp3
8.545247783164578e-12	-2.498205156656738	0.089	0.48	1.6506855142739016e-7	Fbn2
9.203289393161929e-12	1.8328422103551563	0.774	0.24	1.77779941207709e-7	Dsg2
9.435455933332636e-12	-1.3650109363796208	0.369	0.86	1.8226470226418653e-7	Spred1
9.866999084813591e-12	-1.7814497773774471	0.327	0.78	1.9060082132134414e-7	Nsg1
9.901764880140864e-12	1.0039114873135746	0.976	0.94	1.9127239218968108e-7	Mbd2
1.009975435118746e-11	2.0891722467376477	0.768	0.34	1.9509695480188816e-7	Baiap2l1
1.1488199955298607e-11	-1.5488494957467698	0.042	0.4	2.219175585365032e-7	Tgfb2
1.1922328426387822e-11	1.5862511212626769	0.845	0.52	2.3030361821253355e-7	Osbpl3
1.247490211968897e-11	1.6650812358024967	0.893	0.52	2.4097768424603183e-7	Tst
1.3715257903760308e-11	1.3410749711633847	0.97	0.76	2.649376369269379e-7	Atp8a1
1.4651721979026995e-11	2.5228071992119765	0.673	0.18	2.8302731346886445e-7	Fam160a1
1.4740041805702794e-11	-1.901027403532435	0.119	0.56	2.847333875607609e-7	Ndn
1.4776565858930497e-11	-1.2635621201654317	0.119	0.58	2.854389226969604e-7	Adcy3
1.496270157792052e-11	2.6426114203389512	0.571	0	2.890345063806907e-7	Crb3
1.603733196316832e-11	-2.1115309333116525	0.196	0.66	3.0979314153252245e-7	Fras1
1.6143232648027874e-11	-1.938991896523859	0.006	0.28	3.1183882506195447e-7	Mmp16
1.6351133374181617e-11	-1.3485930283095453	0.149	0.62	3.158548433890663e-7	Tet1
1.6768574928250873e-11	-1.8431337122063274	0.155	0.64	3.239185618890221e-7	D430041D05Rik
1.779676774878483e-11	-1.6702223565639256	0.024	0.34	3.4378016260327654e-7	Abcg2
1.8222082963533807e-11	-1.157433642735521	0.607	0.98	3.5199597660658257e-7	Ext1
1.8226516955574275e-11	-1.6248752323948197	0.351	0.8	3.520816280308283e-7	Kitl
1.938784676438926e-11	1.6548885048008233	0.982	0.46	3.745150359477073e-7	Col8a1
1.947592703439037e-11	-2.9842643713631807	0.012	0.3	3.762164825233188e-7	Dpp10
1.970067491772593e-11	0.8952670152306454	1	0.92	3.805579373857118e-7	Ifitm2
2.0222761126250774e-11	-2.252907207472482	0.012	0.3	3.906430766757862e-7	Nav3
2.026405696074201e-11	2.7196018476262407	0.619	0.08	3.914407883106534e-7	Sh3yl1
2.1338082313259384e-11	-1.459517322407187	0.464	0.88	4.1218773604523154e-7	Chn1
2.1881946569155998e-11	0.9138427891268284	1	0.98	4.2269356187638643e-7	Agap1
2.2294643686150997e-11	-1.2212162416896986	0.018	0.32	4.306656320853788e-7	Nudt11
2.2374067519393962e-11	2.3459918656736867	0.762	0.32	4.3219986227213315e-7	Adamts17
2.2413446556934143e-11	1.192781405596524	0.982	0.86	4.329605471402968e-7	Oxr1
2.3274681798109132e-11	-1.2517227162858562	0.042	0.4	4.495970282940741e-7	Cited1
2.361585308764244e-11	-1.9511660082452718	0.369	0.82	4.56187434093989e-7	Mapk10
2.4531156030171988e-11	-1.7741784013268895	0.333	0.82	4.738683410348323e-7	Ppm1e
2.5550408887561803e-11	-1.2634401514259634	0.03	0.36	4.935572484810313e-7	Fbln1
2.6159314199306152e-11	-1.4154489369933974	0.113	0.54	5.05319472387997e-7	Fut10
2.760277894444131e-11	-1.544749109253235	0.018	0.32	5.332028808697728e-7	Creb5
3.041263043186016e-11	-2.250157575031227	0.054	0.42	5.874807820522427e-7	Sorcs1
3.058405522859643e-11	-1.4624150941569503	0.381	0.86	5.907921948507972e-7	Sobp
3.093130356490292e-11	-1.5804215903250556	0.173	0.66	5.974999909632297e-7	Epdr1
3.173613048579175e-11	1.8461645322077078	0.786	0.5	6.130468325940392e-7	Tjp2
3.2135785870875305e-11	1.8471310811081287	0.857	0.52	6.207669756676983e-7	Rab27b
3.241198174111521e-11	2.4196368137557864	0.601	0.06	6.261022512931226e-7	Klc3
3.3210001237610275e-11	-0.7763417623584656	0.988	1	6.415175939069176e-7	Fabp5
3.466265062039565e-11	3.667770022932583	0.625	0.08	6.695784220341827e-7	Pcp4
3.497881076163401e-11	-0.9138646894766231	0.988	1	6.756856874824842e-7	Tubb5
3.537214606633047e-11	-1.3524427775475356	0.03	0.36	6.832837455633057e-7	Shc2
3.7765825056163414e-11	-2.253254348721518	0.065	0.44	7.295224426099087e-7	Slc35f1
4.058912346078917e-11	-1.1732412175482185	0.054	0.42	7.840600978920644e-7	Ak5
4.3837492862463556e-11	2.5181334666678246	0.554	0	8.468088496242085e-7	Myo1h
4.3844734989086587e-11	2.124410525942093	0.756	0.36	8.469487457841856e-7	Gm26542
4.5658135229261705e-11	-1.8772851714895986	0.089	0.48	8.819781982236483e-7	Phactr3
4.646414855288848e-11	0.9785078296313112	0.97	0.98	8.975479575961468e-7	Mien1
4.872976013985875e-11	2.544603375813805	0.643	0.12	9.413127766216514e-7	Far2
5.1020634634227415e-11	2.3590275879282196	0.619	0.1	9.85565599229371e-7	Usp2
5.52338254404764e-11	-1.582384880296965	0.196	0.68	1.0669518060336827e-6	St6galnac4
5.5658337961975504e-11	-1.662008117577461	0.208	0.68	1.0751521144114808e-6	Ptprg
5.701321247028224e-11	-1.6297809830703311	0.143	0.58	1.101324225288442e-6	Armcx4
5.891091537221561e-11	-1.0573008547353486	0.762	0.96	1.137982152245089e-6	Nt5dc2
6.000388388169913e-11	-1.2952717180174917	0.339	0.84	1.159095024942782e-6	Zfp462
6.234326859042728e-11	2.3906430252219635	0.548	0	1.2042849193612838e-6	Arhgef16
6.326723734489959e-11	1.1469013836997455	0.94	0.74	1.2221332237914255e-6	Josd2
6.371010878119507e-11	-2.0747386631509848	0.357	0.76	1.2306881713263452e-6	Ppfia2
6.470024953453744e-11	1.899598491737331	0.768	0.38	1.2498147202586596e-6	Qsox1
6.526172786103046e-11	-3.1171825882514796	0.036	0.36	1.2606607970915253e-6	Pde10a
6.7232890655484e-11	-2.0387348214456407	0.548	0.92	1.2987377487919844e-6	Neto2
6.839302555354662e-11	-1.3464779287015707	0.518	0.86	1.32114807461786e-6	Plekhh2
7.30342336381032e-11	-1.43811245559944	0.065	0.44	1.4108022911872397e-6	Nexn
7.492848051512217e-11	-1.7661681477286315	0	0.24	1.447393458110615e-6	Dcx
7.492848051512217e-11	-1.1246075115164076	0	0.24	1.447393458110615e-6	A630012P03Rik
7.926458619579543e-11	2.5306440384963853	0.595	0.06	1.5311540115441803e-6	Scn5a
8.010806516653083e-11	1.3084594216033703	0.935	0.8	1.547447494821876e-6	Cyb5r3
8.236367787596713e-11	-0.6721066176330961	1	1	1.591019165530057e-6	Set
8.37728869275223e-11	0.7933276148907207	1	1	1.6182408567789482e-6	Ddc
8.783247575653115e-11	1.9966094161210264	0.72	0.26	1.6966599341889122e-6	Hdac11
9.003761673814864e-11	1.5975040949802795	0.851	0.56	1.7392566425308174e-6	Ptp4a3
9.620523360174103e-11	1.5112487903763623	0.839	0.54	1.8583964974848315e-6	Adi1
9.850784885339226e-11	-1.9970517042324936	0.03	0.34	1.9028761163009783e-6	Ano4
1.0377977704329963e-10	2.469695688132072	0.637	0.1	2.0047139531454188e-6	Pdzd2
1.0823038993512574e-10	2.418492676315911	0.595	0.06	2.090686442376824e-6	Tjp3
1.1128798323541647e-10	-1.4685556946339475	0.286	0.74	2.14974997215854e-6	Gucy1b1
1.2191995686477864e-10	1.3881556672031428	0.929	0.64	2.355127806756929e-6	Kdm7a
1.235352587191309e-10	0.8265345762554261	0.988	1	2.386330592677452e-6	Bnip3l
1.2495208246600672e-10	2.5216899368012493	0.536	0	2.4136993769958517e-6	Kcnk16
1.2562502249270162e-10	1.0287359325710477	0.988	0.98	2.426698559491517e-6	Lrba
1.2744430429926134e-10	-1.4510473190984832	0.19	0.66	2.461841626148831e-6	Ptprn
1.2839623336578173e-10	-1.9710978433534474	0.024	0.32	2.480230039926806e-6	Nell2
1.304967801878636e-10	-1.8227778476305063	0.161	0.6	2.520806302888961e-6	Pak3
1.3356822584925937e-10	-1.3440294220937619	0.036	0.36	2.5801374187301433e-6	Pxdn
1.3894610032117613e-10	0.7528002249636312	0.994	1	2.6840218199041595e-6	Atp6v1f
1.4275083105748713e-10	1.5932620514030151	0.774	0.4	2.757517803537479e-6	Nucb1
1.4766480458751192e-10	-1.4365521268729498	0.048	0.4	2.852441030216968e-6	Galnt16
1.4803161076400153e-10	-1.8011689873116037	0.006	0.26	2.8595266251282177e-6	Sh3rf3
1.4842706796626247e-10	-1.4615739281008095	0.952	1	2.8671656719042923e-6	Tuba1a
1.4857157385486617e-10	1.028752915981587	1	0.94	2.86995709215445e-6	Chchd10
1.5397928746561113e-10	-1.3771648576762314	0.006	0.26	2.97441789597321e-6	Gpr179
1.5397928746561113e-10	-2.4282301157255466	0.006	0.26	2.97441789597321e-6	Slc1a3
1.7236038008339738e-10	-1.0392367023973708	0.845	1	3.3294854620709873e-6	Dst
1.7253545071803124e-10	-1.7692054503196126	0.077	0.44	3.3328673015202093e-6	Lhfpl2
1.7348814989067044e-10	-2.0536795418374023	0.327	0.7	3.351270591438081e-6	Pou2f2
1.7610683186365241e-10	2.4946534623944068	0.53	0	3.401855671110174e-6	Fgf5
1.9179232063792012e-10	1.3781024907822206	0.875	0.62	3.704852257762703e-6	Pick1
1.9402197802206937e-10	-1.0310938918903483	0.97	1	3.747922549452314e-6	Prdx6
2.031930789931322e-10	-1.4015347351730894	0.161	0.62	3.925080706910335e-6	St3gal4
2.0919457303847333e-10	-1.7977846813438785	0.042	0.36	4.04101156738419e-6	Slit1
2.122349411830869e-10	-1.3321217209317675	0.012	0.28	4.099742358833689e-6	Bcl11b
2.1519609731956438e-10	-1.2929720226655856	0.244	0.7	4.156943011922025e-6	Adgra3
2.1997315918123456e-10	3.136745838722662	0.649	0.18	4.249221515903908e-6	Fmn1
2.2505450815570282e-10	-1.307746029599982	0.565	0.96	4.347377934043711e-6	Trim35
2.4747296887803085e-10	2.7055475314565878	0.524	0	4.780435339816922e-6	Tmem54
2.5707825102529783e-10	-1.172740735312551	0.643	0.94	4.965980575055678e-6	Maged1
2.5813589070117675e-10	2.339859699415932	0.595	0.08	4.9864110006746316e-6	Clstn3
2.647955748899262e-10	1.1074550300650696	0.952	0.9	5.115056120148704e-6	Zfand6
2.7036492368484094e-10	-0.6807165295417157	0.988	1	5.222639230820073e-6	Pbx1
2.762094439194294e-10	1.1239759538335887	0.976	0.84	5.335537828191617e-6	Cacna1a
2.9144962223979523e-10	-1.1800966092396559	0.518	0.9	5.629932352806124e-6	Sdad1
2.947000134655354e-10	-2.0876528104598298	0.196	0.66	5.692720160113747e-6	Rgs7bp
2.9769287256815483e-10	-1.6995464498507507	0.458	0.9	5.750533219399047e-6	Mllt11
3.062180639575867e-10	1.4626700312550958	0.982	0.66	5.915214341468702e-6	Fgf14
3.1187098434735126e-10	-1.422106760352838	0.851	0.96	6.024411804637784e-6	Sox4
3.209844667907033e-10	1.685459953451521	0.833	0.64	6.200456944996016e-6	Ets2
3.596579660778806e-10	1.811209769048133	0.673	0.18	6.94751293072642e-6	Cyb561
3.620554601822818e-10	-0.8775228636571228	0.81	0.98	6.993825324341137e-6	Nars
3.7182502351710676e-10	-1.4160190814324842	0.196	0.66	7.182543979279951e-6	Map1a
3.816208061652974e-10	2.3804398528316684	0.554	0.04	7.37176911269505e-6	Hebp2
3.9122060929357897e-10	-1.3060796881827104	0.042	0.36	7.557208509724065e-6	Lrrc4b
4.167970985841683e-10	2.111274487551534	0.607	0.1	8.051269553350379e-6	Dnaja4
4.1769794718397546e-10	-1.3411030151735837	0.333	0.78	8.068671245752854e-6	Trps1
4.278019280091068e-10	-1.873555811563243	0.429	0.78	8.263849843351916e-6	Tubb3
4.844314748730434e-10	2.594964335680757	0.512	0	9.357762800122579e-6	Slc40a1
4.972793955029257e-10	2.872396968503478	0.565	0.08	9.605946082930016e-6	Ccdc33
5.081833901410134e-10	1.6647542674421512	0.78	0.42	9.816578547353956e-6	Ndufaf3
5.381723366400352e-10	-1.040005533194391	0.054	0.4	1.0395875026875559e-5	Zbtb16
5.666288447614733e-10	1.2837915884670512	0.976	0.7	1.094556939425738e-5	Pkib
6.225581709001956e-10	-1.4576691751413047	0.232	0.72	1.2025956187279079e-5	Gm4258
6.248520037116886e-10	2.0588765004430867	0.577	0.06	1.207026615569869e-5	Galnt12
6.396568451561593e-10	-1.5517407957345382	0.113	0.5	1.235625127788153e-5	Hrk
6.475552733927859e-10	-1.3998950312422282	0.268	0.72	1.2508825216128445e-5	Ier5
6.566987415883612e-10	-1.7912739426825357	0.077	0.44	1.2685449591262373e-5	Lin7a
6.615724696428389e-10	-4.021441780314095	0.101	0.46	1.277959539609072e-5	Nrxn3
6.644760973516686e-10	2.3066816347708445	0.524	0.02	1.2835684772542182e-5	Cgn
6.748507311626731e-10	2.3312948098784276	0.506	0	1.3036091573869356e-5	Tmprss4
6.796279943220874e-10	-1.0906939938310296	0.899	1	1.3128373966319761e-5	Srm
6.838516262807452e-10	-1.3313396373023796	0.042	0.36	1.3209961864865155e-5	Asphd2
6.872790359192495e-10	2.160271436223657	0.649	0.2	1.3276169136852142e-5	Nfatc2
6.959098381719764e-10	2.384535065594979	0.56	0.06	1.3442890343968068e-5	Ptk2b
7.084292591200819e-10	-1.448993660397739	0.077	0.44	1.3684727998422621e-5	Atp1a3
7.199505816571931e-10	0.8085784755580165	0.988	1	1.3907285385871999e-5	Cox17
7.382663877453018e-10	-1.1173697788143597	0.304	0.8	1.4261091812075996e-5	Lrrn3
7.41284223851598e-10	2.2658466489077416	0.536	0.04	1.4319387352141318e-5	Plek2
7.481535595611717e-10	1.6141890755751658	0.839	0.64	1.4452082310043153e-5	Spryd7
7.798851394761678e-10	1.051278871363682	0.976	0.94	1.5065041239261133e-5	Gstm5
7.834332320950661e-10	-1.1326185671598525	0.048	0.38	1.5133579744380392e-5	Adamts10
8.587504603184239e-10	1.8888752235010724	0.768	0.46	1.6588482641970997e-5	Mrtfb
8.992152934457931e-10	-1.1533659031577803	0.333	0.82	1.7370141823492388e-5	Snx10
9.374468436213581e-10	2.2521742620257945	0.5	0	1.8108660678233774e-5	Ildr1
9.374468436213581e-10	2.1641731802312805	0.5	0	1.8108660678233774e-5	Prom2
9.618967350099954e-10	-2.221321003631426	0.054	0.38	1.8580959230188083e-5	Epha5
9.684573613346226e-10	-1.5438897868060533	0.036	0.34	1.8707690848900905e-5	Ptpro
9.688992296532375e-10	0.9358055633179336	0.982	0.94	1.8716226419211588e-5	Hspa4l
9.741531453079563e-10	-1.176632070624093	0.649	0.94	1.881771630791379e-5	Nr2f2
9.78960699485385e-10	2.162769384968203	0.643	0.16	1.891058383195918e-5	Ckmt1
1.00029640549351e-9	-0.9825783900888831	0.03	0.32	1.932272566491813e-5	Samd14
1.0026083920440365e-9	1.3049620525906351	0.869	0.72	1.9367386309114654e-5	Kcnq1
1.0712079237272369e-9	-1.5414932930759182	0.167	0.56	2.0692523462639033e-5	Zfp503
1.0809327877641477e-9	-1.3534391344930825	0.012	0.26	2.0880378661240042e-5	Mdga1
1.1063321817914784e-9	1.620120403796225	0.827	0.48	2.137101875566599e-5	Hoxb2
1.1145346625416e-9	2.1503352059888554	0.53	0.04	2.1529466076316088e-5	Stx3
1.115382099489131e-9	-1.3412667792718962	0.155	0.56	2.1545836015831542e-5	Podxl
1.1349650523559573e-9	-1.125520029985903	0.018	0.28	2.1924119916360027e-5	Tmem136
1.178867476883341e-9	-1.6454269588266146	0.321	0.76	2.27721830509555e-5	Mtap
1.1827706643722694e-9	-0.7892212747653029	0.958	1	2.284758092367913e-5	C1qbp
1.1940220840812057e-9	1.7977280266482347	0.792	0.5	2.306492459819665e-5	Clic1
1.2263675878065612e-9	-0.864748031949508	0.006	0.24	2.3689742693659342e-5	Ccdc172
1.2456913194200382e-9	2.6430057031821965	0.512	0.02	2.4063019217236878e-5	Gm48893
1.2481915987135051e-9	2.1353969947529015	0.524	0.02	2.4111317112348777e-5	Marveld3
1.2605516909713545e-9	1.0579683764980896	0.982	0.92	2.4350077014493655e-5	Khdrbs3
1.3428793681173236e-9	1.3744206466952742	0.94	0.78	2.594040075392234e-5	Chga
1.3439435258231765e-9	-1.023524699431503	0.012	0.26	2.5960957088326302e-5	Fam135b
1.3856675782846615e-9	-1.641348044060864	0.083	0.44	2.6766940609724808e-5	Rarb
1.3872897893684565e-9	0.7866952128398867	0.976	0.56	2.6798276861230475e-5	Cyb5a
1.4245698826629019e-9	1.3072920043631175	0.917	0.56	2.7518416423399276e-5	Dnajc6
1.4530359965817435e-9	-1.2014999279409668	0.03	0.32	2.806829634596954e-5	Plppr3
1.457614160587118e-9	1.540978170832152	0.839	0.6	2.8156732740061358e-5	Lrig1
1.4978841624444828e-9	-1.3309487207048956	0.012	0.26	2.8934628365940075e-5	Stxbp6
1.5473286440687918e-9	-1.3895575366214583	0.69	0.92	2.9889747417476852e-5	Kif5c
1.6049115817893352e-9	-0.9039172129391391	0.923	0.98	3.1002077025424585e-5	Dynll1
1.7466968872231396e-9	-1.2754617224051117	0.06	0.4	3.374094377048939e-5	Rnd3
1.790126184456275e-9	-1.1626688682055044	0.238	0.7	3.457986750514186e-5	Mtr
1.8912864665644383e-9	-0.7910316296649483	0.887	0.98	3.653398067462526e-5	Bok
2.20001596775299e-9	-1.8560676982152007	0.5	0.86	4.249770844908451e-5	Klhl13
2.2139932909131173e-9	1.9139754476483795	0.649	0.18	4.2767708400568687e-5	Fgf13
2.227248939413169e-9	0.5072560590610755	1	1	4.302376776264419e-5	Atp5e
2.3162200068567504e-9	0.7205680354964004	0.994	0.98	4.474242187245185e-5	Atp6v1g1
2.350232423364247e-9	1.9628894901628335	0.613	0.16	4.539943972212716e-5	Krtcap3
2.3844558053308723e-9	1.9126007555594295	0.643	0.2	4.606053279157646e-5	Syne4
2.3941850901382668e-9	2.3033238850057174	0.5	0.02	4.62484733862009e-5	Fgd2
2.4354150327785926e-9	1.4782584026518362	0.833	0.58	4.704491218818407e-5	Syce2
2.5032861559160333e-9	-0.8312873549034099	0.036	0.34	4.835597867383001e-5	Shf
2.569131184067606e-9	1.4116519417746693	0.821	0.56	4.962790708263395e-5	Litaf
2.62977245464816e-9	-1.3395414146883848	0.089	0.46	5.0799314506438504e-5	Spink10
2.6450189369280227e-9	-1.4483313388154204	0.06	0.38	5.1093830804638614e-5	Fam184a
2.6704992603809752e-9	-0.8571889862288832	0.887	0.98	5.15860342127793e-5	Cfl2
2.8718016855272854e-9	1.44904795183695	0.827	0.6	5.547459315933057e-5	Limk2
2.956272851696709e-9	-1.8871349154630996	0.054	0.36	5.710632267622533e-5	AU020206
3.087552277801772e-9	-0.7390825554974894	0.946	1	5.964224735029683e-5	Cenpv
3.098851909158725e-9	2.3195713481545113	0.542	0.06	5.986052232921909e-5	Ablim1
3.100807976726697e-9	0.997605561967891	0.946	0.9	5.9898307686429606e-5	Fndc3a
3.256888303247598e-9	1.8694587954289783	0.613	0.12	6.291331135383385e-5	Adgrg1
3.319709483353286e-9	-0.8042597928619952	0	0.2	6.412682808993542e-5	Gm15691
3.319709483353286e-9	-0.840735695861694	0	0.2	6.412682808993542e-5	Slitrk1
3.319709483353286e-9	-0.8482285436406025	0	0.2	6.412682808993542e-5	Sncaip
3.319709483353286e-9	-1.3545661705034961	0	0.2	6.412682808993542e-5	Cdr1os
3.341012474344089e-9	-0.6692261428998716	0.988	1	6.453833796690477e-5	Cct3
3.394369369832315e-9	2.3586089940248853	0.476	0	6.556903311705083e-5	Gm16136
3.4798768198563775e-9	0.9344171222768142	0.982	0.76	6.722078052916564e-5	Cd24a
3.6099141958829026e-9	1.0665147823592807	0.988	0.96	6.973271252187003e-5	Nav2
3.612398722666727e-9	-2.322911645024324	0.095	0.44	6.978070612575316e-5	Ryr3
3.692439440806766e-9	-0.7920790861517045	0.905	0.98	7.132685267806429e-5	Fam162a
3.840748951127454e-9	-1.2255131065781812	1	1	7.419174748892904e-5	Ftl1
4.06349082051545e-9	-0.9451008102865244	0.863	1	7.849445217989694e-5	Kif1b
4.4478083715483276e-9	1.9714347049967698	0.565	0.1	8.591831431319904e-5	Il10rb
4.5508408137107166e-9	-0.5334336146798617	1	1	8.790859199844991e-5	Anp32b
4.573261241582366e-9	-3.0058105288302697	0.024	0.28	8.834168740364655e-5	Gxylt2
4.650304278199048e-9	2.2271911942972347	0.47	0	8.982992774197101e-5	Atp2a3
4.650304278199048e-9	2.236150900943337	0.47	0	8.982992774197101e-5	Eppk1
4.655364829870813e-9	-1.2162022218107977	0.345	0.8	8.992768241861449e-5	Bach2
4.840490441326494e-9	-2.1488166979948815	0.292	0.66	9.350375385510389e-5	Syn3
5.306150192892405e-9	0.563078191510527	1	1	1.0249890327610258e-4	Bsg
5.553027054826342e-9	-2.5802578469367443	0.018	0.26	1.0726782361808045e-4	Asic2
5.622002649536911e-9	-1.256575275382845	0.071	0.4	1.0860022518110451e-4	Fjx1
5.646400682335318e-9	2.62400217475523	0.524	0.04	1.0907152198067135e-4	Csgalnact1
5.727728698199238e-9	-1.166821718735333	0.077	0.42	1.1064253526311469e-4	Tnfrsf19
5.770144961719782e-9	0.9564548812069735	0.982	0.94	1.1146189022554104e-4	Rapgef4
5.770960977034042e-9	-1.3176543804809535	0.292	0.72	1.1147765319336659e-4	Clcn5
5.8164729194120405e-9	-0.543918864739457	1	1	1.1235680738428239e-4	Hmgn1
5.906044849373481e-9	0.4551169051938846	1	1	1.1408706835534754e-4	Eef1a1
5.9351058818400244e-9	2.1871781757338047	0.589	0.16	1.1464844031950375e-4	Cmtm8
6.035101560827542e-9	-0.8980422605327383	0.006	0.22	1.1658005685050562e-4	Vash2
6.133213804942825e-9	1.2928257100425264	0.827	0.42	1.1847529107008055e-4	Neurl1a
6.245620273350843e-9	2.9022066296176443	0.583	0.14	1.2064664682031824e-4	Car8
6.7290821440793025e-9	2.1034123936622566	0.655	0.26	1.2998567977717988e-4	Phactr2
6.979251335409437e-9	1.2937117157114562	0.899	0.6	1.348181980461041e-4	Smpd3
7.2346463740289265e-9	-1.1995630499260836	0.292	0.74	1.3975166400711678e-4	Hip1
7.3174255665956744e-9	-0.9666546474369002	0.006	0.22	1.4135070966992864e-4	Apc2
7.3174255665956744e-9	-1.1030910339266464	0.006	0.22	1.4135070966992864e-4	Rab33a
7.483989029891574e-9	2.6554445859818054	0.494	0.04	1.4456821609041553e-4	B3gat2
7.581806844202311e-9	1.6885592636312288	0.726	0.32	1.4645776280945605e-4	Epb41l5
7.589209114549903e-9	-0.9454478922186962	0.768	0.96	1.4660075246576048e-4	Orc2
7.777944866786377e-9	-1.0608843380218103	0.018	0.26	1.5024656099171243e-4	Nckap5l
8.082227160987273e-9	2.1303206632297718	0.625	0.2	1.5612438206879115e-4	1810034E14Rik
8.405789539001745e-9	-1.5295041004660257	0.262	0.64	1.623746365248967e-4	Lgr5
8.505611934600489e-9	-0.838186553770232	0.762	0.98	1.6430290574067765e-4	Npc2
8.5822382476534e-9	-1.5548281293167132	0.161	0.54	1.6578309622992073e-4	Epb41l1
8.658155378397621e-9	2.3262693466697706	0.458	0	1.6724958744450684e-4	Scnn1a
8.892436404425161e-9	-1.147837859874464	0.018	0.26	1.7177519402428084e-4	Shisa8
9.166349799287303e-9	1.1345940534639551	0.887	0.74	1.7706637907283283e-4	Mpst
9.546366392549077e-9	-0.6669354908982448	0.911	1	1.8440715960487054e-4	Khdrbs1
9.674563864373214e-9	-1.4621755260242841	0.131	0.5	1.8688355016809738e-4	Trib2
9.953035528649273e-9	1.4049139252664584	0.798	0.56	1.92262787306918e-4	Dock9
9.972956793969493e-9	-0.8008874031294475	0.012	0.24	1.926476063891087e-4	Zfp286
1.0504454586071673e-8	0.809573307677857	0.982	0.96	2.0291454923914652e-4	Cnot6l
1.08604950001118e-8	-1.1116664258494304	0.018	0.26	2.0979218191715965e-4	Nsg2
1.0950907712033379e-8	-1.1186471201731762	0.393	0.8	2.1153868427334878e-4	Frmd4a
1.1227261859699401e-8	-1.2973467763292914	0.018	0.26	2.1687701734381332e-4	Slc24a2
1.1767083147435745e-8	2.711711865312114	0.452	0	2.2730474515901628e-4	Ces1d
1.2074173681391155e-8	1.0597352911333393	0.881	0.72	2.3323681300343294e-4	Fam173a
1.2425808049663393e-8	-1.7938201917380308	0.101	0.44	2.4002933409534777e-4	Dach1
1.2686907413800256e-8	2.0887884567732375	0.571	0.1	2.4507299051237957e-4	Cbfa2t3
1.3382546230882046e-8	1.1779712371526527	0.899	0.78	2.585106455419485e-4	Tmed3
1.347847502396102e-8	1.7124381227452283	0.69	0.28	2.60363702037855e-4	Kcnc1
1.3759557290231619e-8	-1.2204584504725555	0.173	0.56	2.657933681754042e-4	Wwc2
1.4083430790214034e-8	1.6498378747035605	0.839	0.54	2.720496325745645e-4	Igfbp5
1.4174818381305001e-8	-0.4620839379807262	0.988	1	2.738149666716687e-4	Hnrnpa0
1.5950500652251545e-8	3.2779266269605003	0.446	0	3.081158210995431e-4	Pde11a
1.6464327736749293e-8	-1.2283961241345713	0.435	0.82	3.180414188907861e-4	1500004A13Rik
1.651333454912852e-8	-0.8967411861432442	0.744	0.96	3.189880834855156e-4	Prps1
1.6567542552343193e-8	1.9669414300921768	0.655	0.3	3.2003521948361345e-4	Jup
1.6675980518077727e-8	1.0145398182910468	0.952	0.98	3.2212991566770745e-4	Cadm1
1.669435985310824e-8	-0.5650690604104918	0.982	1	3.2248494928249186e-4	Bzw2
1.745293541801576e-8	0.800432631449749	0.988	0.96	3.371383534698104e-4	1810037I17Rik
1.797611925900464e-8	-0.6654763942358151	0.97	1	3.472446957261926e-4	Tuba1b
1.7988500184920298e-8	1.3212863541171453	0.899	0.62	3.474838580721054e-4	Rgs7
2.0758231961007848e-8	-0.9707815888538995	0.714	0.96	4.009867667907886e-4	Lrrfip2
2.0842742064106736e-8	-0.5592686784001115	0.994	1	4.0261924845234984e-4	Hnrnpd
2.085688580136356e-8	-1.4875309625564088	0.119	0.48	4.028924630249399e-4	Gng3
2.135638557620174e-8	-2.1752633333519777	0.208	0.58	4.12541300175489e-4	Wif1
2.157912055530429e-8	-1.1380482982616864	0.393	0.84	4.16843871766813e-4	Fam89b
2.168332579560873e-8	-0.9609459175610335	0	0.18	4.1885680439377387e-4	Nog
2.168332579560873e-8	-0.8479874012746684	0	0.18	4.1885680439377387e-4	Iqgap2
2.168332579560873e-8	-0.7951621408830802	0	0.18	4.1885680439377387e-4	Foxd1
2.168332579560873e-8	-1.0043888355063224	0	0.18	4.1885680439377387e-4	Cntfr
2.168332579560873e-8	-0.9311227836665914	0	0.18	4.1885680439377387e-4	Cnr1
2.168332579560873e-8	-0.753679444168756	0	0.18	4.1885680439377387e-4	Tmem35a
2.2032918557131636e-8	-0.8040533730994925	0.923	1	4.256098877681118e-4	Cd63
2.3569178197928265e-8	-1.1574117329217517	0.571	0.88	4.552858152493803e-4	Cep170
2.4283748324202473e-8	0.9050638686096247	0.929	0.88	4.6908916637861917e-4	Atp6v1b2
2.4392800001215103e-8	2.185380465812398	0.488	0.04	4.7119571762347214e-4	Pls1
2.443870603318593e-8	-0.8501354205710276	0.929	1	4.7208248444305265e-4	Mrto4
2.461870277171272e-8	0.8453383473108753	0.994	0.78	4.7555948144117465e-4	Cplx2
2.5102624835542776e-8	-0.8998294624014311	0.911	1	4.849074039481798e-4	Marcks
2.6062580282112087e-8	-1.6568687765092565	0.071	0.38	5.034508633095592e-4	Gria3
2.6346769553774914e-8	0.9875638916916765	0.976	0.92	5.0894054747027e-4	Carmil1
2.6860248300539436e-8	-1.0662781996491546	0.173	0.58	5.188594164215203e-4	Fam171a2
2.689489309439341e-8	-0.9231217040843726	0.726	0.96	5.195286499043976e-4	Rhobtb3
2.7120511113845336e-8	-1.1049273075858776	0.952	0.98	5.238869131861504e-4	Map1b
2.7548082993865804e-8	-0.7682053010096201	0.976	1	5.321463191925057e-4	Rock2
2.7645745342318267e-8	-0.7751990582501735	0.786	0.96	5.34032862777562e-4	Golim4
2.7994334739827712e-8	1.901486647249551	0.649	0.28	5.407665641692519e-4	Pkp2
2.908134811977672e-8	2.1939881004299417	0.435	0	5.61764401629727e-4	Ovol1
3.183337114082879e-8	-1.3478980623973267	0.726	0.92	6.149252303273898e-4	Pcsk1n
3.194493574238309e-8	-1.467771596198015	0.268	0.62	6.17080323735614e-4	Rnf165
3.307176136367689e-8	1.1162563473701785	0.875	0.72	6.388472142621465e-4	Man2a1
3.3289473961380506e-8	-1.1104329360258838	0.125	0.48	6.430527685119872e-4	Ccdc32
3.371974165062129e-8	2.0534404310310723	0.464	0.02	6.513642494650514e-4	Dapp1
3.379782819649685e-8	-2.36399437652034	0.095	0.42	6.528726472717296e-4	Opcml
3.395632732675729e-8	-1.0151847030954655	0.155	0.54	6.559343749709706e-4	Poglut2
3.466423584870393e-8	-1.3866991926698655	0.143	0.52	6.696090438894137e-4	Nrp1
3.5724984896921426e-8	1.9042089193513108	0.458	0.02	6.900995332538312e-4	Fam83b
3.6900057612111563e-8	-1.1505504336750894	0.03	0.28	7.127984128931591e-4	Mecom
3.8418462989741305e-8	-1.083170034582758	0.006	0.2	7.421294495728327e-4	March11
3.8418462989741305e-8	-1.0021308945026113	0.006	0.2	7.421294495728327e-4	Car14
3.844246647282067e-8	2.045251755280973	0.69	0.24	7.425931248554769e-4	Serpinb12
3.849025486685243e-8	0.9456900692382019	0.976	0.96	7.435162532629884e-4	Mast4
3.869558832763311e-8	1.2123590486303102	0.863	0.66	7.474826797248888e-4	Twf2
3.892021742913962e-8	-1.0424861723359373	0.036	0.3	7.5182184007869e-4	Smarcd3
3.911746612037883e-8	1.9982652267292724	0.429	0	7.556320930473578e-4	Esrp2
3.9879930161871935e-8	2.3840608455819523	0.482	0.04	7.703606109368802e-4	Kcnn3
4.0529721249611755e-8	2.190933781943862	0.464	0.04	7.829126253787503e-4	Slc37a1
4.1860167447293876e-8	2.48910713892617	0.482	0.06	8.086128545793758e-4	Ngf
4.331486759732045e-8	-1.1026305446058822	0.113	0.46	8.367132973774391e-4	D430019H16Rik
4.335443199262915e-8	-1.0248296116766873	0.607	0.92	8.374775628016173e-4	Cdh2
4.546225864116596e-8	-1.5443725892136198	0.482	0.84	8.781944501714029e-4	Hivep2
4.602761306567588e-8	0.9152565466177375	0.964	0.9	8.891154015896609e-4	Pnrc1
4.6170700454677625e-8	0.8719090539798827	0.94	0.88	8.918794206830077e-4	Mettl26
4.617213917772476e-8	-1.3117691680300658	0.667	0.92	8.919072124961091e-4	Dpp6
4.830001622233184e-8	-1.353148661568842	0.024	0.26	9.330114133667842e-4	Rasl11a
4.871819198474118e-8	1.7347266580730163	0.554	0.14	9.410893145692453e-4	2310030G06Rik
4.912244514124895e-8	-1.3347614962245673	0.012	0.22	9.48898272793506e-4	Cdh9
4.988648879606976e-8	1.870087928168875	0.542	0.12	9.636573040736796e-4	Elovl7
5.074831358602607e-8	1.859647031444949	0.619	0.26	9.803051735412655e-4	Dmpk
5.091951730100191e-8	-1.0997567605858665	0.774	0.98	9.836123157034539e-4	Ncam1
5.097069707467338e-8	2.1278535760545965	0.47	0.04	9.846009553914656e-4	Macc1
5.170641101045568e-8	-1.3249049511880262	0.167	0.54	9.988127414889724e-4	Lrch2
5.24845973061446e-8	1.9484178290250138	0.423	0	0.0010138449661627952	Misp
5.24845973061446e-8	2.439963403416195	0.423	0	0.0010138449661627952	Ehf
5.24845973061446e-8	2.3010183540404188	0.423	0	0.0010138449661627952	Bcas1
5.3173356769847834e-8	-1.0751770912390999	0.869	1	0.0010271497327231506	Lrrc59
5.350236831386859e-8	-1.1369277324595113	0.018	0.24	0.0010335052487189995	Icam1
5.609506974638843e-8	-0.7487351025611115	0.036	0.3	0.0010835884622909854	St6gal1
5.640769799130232e-8	1.5438953400285782	0.821	0.56	0.001089627502097987	Abracl
5.659846276775501e-8	1.9593406218748113	0.494	0.06	0.0010933125052847235	Tor3a
5.794907976426868e-8	1.0400123228009246	0.899	0.56	0.001119402373806378	Shtn1
5.795895776379228e-8	0.7582892063850525	0.964	0.94	0.0011195931871231754	Cltb
5.849465004545749e-8	1.4502900952928286	0.75	0.46	0.0011299411549281022	Rasef
5.906598012674303e-8	1.7253786062940095	0.702	0.36	0.0011409775381082952	Phyh
5.955110707564837e-8	-1.0381039687958706	0.149	0.52	0.0011503487353802997	Iffo2
5.993825882257698e-8	-1.4917938687826666	0.095	0.42	0.0011578273456757193	2610316D01Rik
6.072876366023587e-8	-1.1730245760606839	0.208	0.6	0.0011730975276247765	Cep85l
6.0858297785973e-8	-1.8078076395166423	0.06	0.34	0.0011755997383316404	Fst
6.097707972031129e-8	0.8028794143925015	0.976	0.96	0.0011778942489572531	Taldo1
6.179477222305036e-8	1.0481528243200948	0.875	0.58	0.0011936896150326639	Eps8
6.224963888510723e-8	0.9546915822351552	1	0.82	0.0012024762743436162	Pex5l
6.267750365756568e-8	-1.018710586370008	0.44	0.86	0.0012107413381531962	Fads1
6.365196204870286e-8	-0.6485991215672904	0.97	1	0.001229564950894793	Eif5
6.48807131853634e-8	1.7326809584832155	0.696	0.32	0.0012533007366016646	Man1a
6.492636668305878e-8	-0.7825679793439071	0.012	0.22	0.0012541826252166464	Fgl2
6.538812668042838e-8	1.157069070905211	0.821	0.66	0.001263102443085835	Golga1
6.940550098517851e-8	-1.037191201719889	0.345	0.76	0.0013407060625306932	Ap1m1
6.991927115312336e-8	1.0125561462174073	0.94	0.88	0.0013506305608648838	Cbfa2t2
7.009823894922824e-8	-1.3708300332580157	0.167	0.52	0.001354087681782242	Xylt1
7.099422547844652e-8	0.9796574701609386	0.976	0.78	0.0013713954535671516	Snx30
7.391735986923968e-8	0.7925538469347837	0.994	0.98	0.0014278616405941028	Homer2
7.452954220031652e-8	1.5420434265544043	0.72	0.48	0.001439687166683514	Tuft1
7.583414482271922e-8	-0.931729435931351	0.071	0.38	0.001464888175540467	C230035I16Rik
7.753163469427932e-8	-0.6019749470277542	0.935	1	0.0014976785873893938	Ube3a
7.764448930006198e-8	1.1896251079449252	0.845	0.68	0.0014998585998092972	Sgms1
7.924603013894097e-8	-0.698377522233404	0.893	1	0.0015307955641939226	Timm9
7.975934381439321e-8	0.9528774647523675	0.988	0.82	0.0015407112444626337	Plcb4
7.982809480824539e-8	-1.093447345154662	0.946	1	0.0015420393074108763	Sfta3-ps
8.209884314463577e-8	1.9618977256677361	0.554	0.16	0.0015859033530249292	Sox13
8.395840640256372e-8	0.7862763860979098	0.988	0.96	0.0016218245364783234	Gmds
8.782912773716679e-8	1.5719967922978837	0.702	0.28	0.0016965952604988507	Slc35f3
8.841627864765008e-8	-1.319281325288892	0.583	0.88	0.0017079372546366565	Gm1673
8.999589988563134e-8	0.9583832375643467	0.929	0.88	0.0017384507980907405	Fam174a
9.262764122480122e-8	-1.0451244947891758	0.417	0.78	0.0017892881455394852	Gga2
9.26454895373755e-8	-1.3239798546956112	0.244	0.62	0.0017896329213934825	Cplx1
9.378032246402548e-8	2.199127224665394	0.411	0	0.0018115544890375801	Cldn9
9.378032246402548e-8	2.1746309348059487	0.411	0	0.0018115544890375801	Col6a5
9.661547268357462e-8	-2.020155424635969	0.089	0.4	0.001866321085828611	Maml2
1.0098456420816444e-7	4.742260299319684	0.429	0.02	0.0019507188268091124	Wfdc2
1.0198064782296322e-7	-1.2087244985829373	0.524	0.84	0.0019699601739961805	Pkia
1.0323194454181287e-7	-0.9539535297101152	0.083	0.4	0.001994131472714199	Inf2
1.0346011394513256e-7	-0.8511833173556161	0.708	0.94	0.0019985390210781255	Adgrl2
1.0658531053698299e-7	-1.273290868379936	0.173	0.54	0.0020589084436429005	Ppargc1a
1.0889802601776165e-7	-1.2637527049052528	0.042	0.3	0.0021035831685851016	Vldlr
1.089408824380543e-7	-0.4361365517079312	1	1	0.002104411026055895	Srsf3
1.1016591149930208e-7	-0.8667285537685536	0.661	0.96	0.002128074912432018	Thada
1.1337153860409863e-7	-0.9607664662219848	0.101	0.44	0.002189998011215373	Gas2
1.149483915778164e-7	-0.9920826860372753	0.613	0.92	0.0022204580801086795	C530008M17Rik
1.1586480276323773e-7	1.0233370557267483	0.893	0.7	0.0022381603949774634	Jarid2
1.163165958992514e-7	-1.0757874552674516	0.5	0.88	0.0022468876829858393	Casp3
1.1631889113542428e-7	-0.8821382430435011	0.595	0.9	0.002246932020062991	Smarcd1
1.1655933263542052e-7	-1.022432586166451	0.065	0.36	0.0022515766285184182	Dusp18
1.1813194042619873e-7	-1.186557652937656	0.274	0.68	0.002281954693212881	Nt5dc3
1.1920070455261951e-7	2.2593900710552735	0.464	0.06	0.0023026000098429512	Slc18a1
1.222720850381995e-7	-1.129166468677577	0.75	0.92	0.0023619298666829	Rasal2
1.2489690310576935e-7	2.458315897733307	0.405	0	0.0024126334772941464	Gsdma
1.2489690310576935e-7	3.1711864457027743	0.405	0	0.0024126334772941464	Ly6g6c
1.2489690310576935e-7	2.0576277790122393	0.405	0	0.0024126334772941464	Bcl2l14
1.2704875739491583e-7	-0.6263256113735496	0.982	1	0.002454200846597589	Cacybp
1.2706224099349643e-7	-0.8849973296557074	0.518	0.9	0.0024544613092713705	Pdlim7
1.2888797574273082e-7	-0.8324872304567705	0.827	0.96	0.0024897290274223313	Usp1
1.2890419009318728e-7	1.6828423075715155	0.685	0.34	0.0024900422400300987	Psd3
1.315800922635718e-7	0.8897831403043152	0.929	0.9	0.0025417326422554165	Nr6a1
1.333925810075636e-7	0.775310970199292	0.982	0.98	0.002576744487323106	Ica1
1.3673071061401137e-7	-1.200442460644113	0.054	0.32	0.0026412271369308576	Tubb4a
1.3991092715099025e-7	-1.5335350092276339	0.03	0.26	0.002702659379775679	Cat
1.4006328190095005e-7	-0.6726352654468806	0	0.16	0.002705602416480652	Celf5
1.4006328190095005e-7	-0.6128290261302665	0	0.16	0.002705602416480652	Trim16
1.4006328190095005e-7	-0.7284832923403699	0	0.16	0.002705602416480652	Dact1
1.4006328190095005e-7	-0.8729137413399823	0	0.16	0.002705602416480652	Tgfbi
1.4006328190095005e-7	-0.8760957686873407	0	0.16	0.002705602416480652	Bmp4
1.4094078993256402e-7	1.8503076027348349	0.601	0.24	0.0027225532391273394	Ankrd37
1.431206266103105e-7	1.9028064658744595	0.423	0.02	0.002764661144231368	Kcnip2
1.4386511720569893e-7	-0.662912873780154	0.946	1	0.002779042469062486	Kcnq1ot1
1.4520135527563974e-7	-1.1533570286819264	0.804	0.98	0.0028048545798595326	Ckb
1.460793749138545e-7	1.5338353535405524	0.756	0.46	0.0028218152852109274	Samd12
1.5118623437454443e-7	1.185158126348389	0.833	0.52	0.002920464489413075	Mcf2l
1.5734463127919352e-7	2.2847073623896597	0.446	0.04	0.003039426242420181	Cst6
1.660637543952491e-7	1.0411943916670918	0.952	0.9	0.003207853543653027	Pmvk
1.68798434063904e-7	-1.8307899150458828	0.071	0.36	0.003260679350812433	Unc5c
1.7363284460241372e-7	-0.8835396400223274	0.696	0.92	0.003354065659184826	Atad3a
1.7394589786941694e-7	1.767298174406182	0.476	0.06	0.003360112909143527	Ripk4
1.7675527414577181e-7	1.0020629124421596	0.917	0.82	0.003414381630673874	Gbf1
1.7712132610353202e-7	0.91813591869414235	0.964	0.68	0.003421452656341928	Tcerg1l
1.905712409973369e-7	-1.5200913353546972	0.107	0.42	0.003681264662345557	Pakap
1.924259472860379e-7	2.0204404473902544	0.417	0.02	0.003717092023724394	Rgl3
1.932356157587626e-7	1.0355205498051183	0.917	0.76	0.003732732389612017	Krcc1
1.9534990417370963e-7	-0.9831107923594528	0.637	0.94	0.003773574098923549	Nfia
2.0085362410367683e-7	-1.2353874441467638	0.125	0.46	0.003879889456810725	Ttbk1
2.0085362410367683e-7	-0.99421908921731	0.125	0.46	0.003879889456810725	Arnt2
2.0511294058617024e-7	1.531277649994874	0.696	0.42	0.00396216667330305	Nrtn
2.168514154036471e-7	0.7213179341238951	0.958	0.84	0.004188918791352251	Tagln2
2.1747514424144716e-7	-1.082431384017612	0.173	0.54	0.004200967361312035	St6galnac6
2.199300511708975e-7	2.1631798951692653	0.393	0	0.004248388798468227	Gm15915
2.337107002191958e-7	-1.0739567655416864	0.47	0.86	0.004514589596134206	Crlf3
2.4148330997266387e-7	-0.9648944014747718	0.5	0.84	0.004664733098741948	Uhrf1bp1l
2.507132034784549e-7	-0.9403770688763684	0.018	0.22	0.004843026951593313	Smo
2.5400059110314124e-7	1.434018083939325	0.702	0.44	0.004906529418339379	Lasp1
2.56636893601291e-7	-0.6411003243054476	0.988	1	0.004957454873696139	Prrc2c
2.566389363352512e-7	0.5387282047724442	1	1	0.004957494333188047	Rtraf
2.666780605998878e-7	-0.726631308786328	0.863	1	0.005151420096608033	Tomm70a
2.6772020785370283e-7	2.1298435361039667	0.429	0.04	0.005171551255109977	Clmn
2.723596854744475e-7	1.010628776380667	0.893	0.8	0.005261172044309903	Gipc1
2.8358286998584146e-7	-1.3464963996137007	0.012	0.2	0.0054779702995165	Bmerb1
2.880808267701295e-7	-0.48039107648906465	1	1	0.005564857330718592	Pabpn1
2.8853345948751114e-7	1.2497491704194832	0.762	0.54	0.0055736008369202525	Ddt
2.9756007554179857e-7	0.9354277063155316	0.887	0.78	0.005747967979240923	Mkrn1
3.006175894284685e-7	-1.1398115871401382	0.375	0.72	0.005807029974989726	Peak1
3.02772566787945e-7	-0.9273504084757127	0.512	0.84	0.005848657672642733	Rcn1
3.0331757787886925e-7	-0.7441216758827013	0.78	0.94	0.005859185651886117	Lrpprc
3.0570930510400873e-7	-0.406229602203255	0.071	0.36	0.005905386646694137	Pdzrn3
3.061562876407627e-7	-0.6235003040598721	0.97	1	0.005914021008356613	Nasp
3.0625842466437854e-7	1.3227588384843665	0.738	0.42	0.0059159939892418	Ppm1h
3.0653881511535147e-7	-2.0007157594635006	0.202	0.54	0.005921410291583244	Ralyl
3.1331917602679814e-7	-0.5186881580474054	0.006	0.18	0.006052386523309659	Lrrc75aos2
3.1331917602679814e-7	-0.6895579834325569	0.006	0.18	0.006052386523309659	Lrrtm2
3.1342166873455176e-7	1.7182751099401061	0.762	0.46	0.006054366374945336	C130073E24Rik
3.1357228896877044e-7	-0.8891021799251377	0.024	0.24	0.006057275906009739	Ndrg4
3.145824710740554e-7	-0.6910881767657675	0.976	1	0.006076789593737529	Efna5
3.171933379516241e-7	-0.7124483724929006	0.905	1	0.006127223709211522	Pcbp4
3.1747726216555177e-7	-1.3261923291515632	0.161	0.5	0.006132708273251963	Smad6
3.18891572621403e-7	0.4918976487706139	1	1	0.006160028508327642	Ndufs6
3.2309357192908095e-7	-1.0595477616337692	0.024	0.24	0.006241198528954057	Lpar1
3.260913621617067e-7	-0.8417131561032996	0.607	0.88	0.006299106842877688	Poldip2
3.2624944457683917e-7	-1.499759660449081	0.077	0.36	0.006302160520890802	Fstl4
3.30562050474218e-7	1.7240025875491098	0.607	0.26	0.0063854671290104695	Reep6
3.3208551356269037e-7	-0.4138776351599236	1	1	0.00641489586549049	Nedd4
3.3637698246673443e-7	1.9281004582211811	0.613	0.22	0.006497794170309909	Stk32a
3.3655670237992614e-7	-0.7479006049316705	0.012	0.2	0.006501265819873033	Dzip1l
3.393405294848818e-7	1.1869226195607825	0.857	0.56	0.006555041008059462	Neto1
3.3961977413054445e-7	1.8899946969280939	0.405	0.02	0.006560435176879727	Bcam
3.4057918145253084e-7	-0.5224554779930295	0.03	0.26	0.006578968048118538	Ccbe1
3.4571387494736555e-7	-0.7407976142297698	0.738	0.94	0.0066781549223582605	Rcn2
3.4634193579028406e-7	1.264549762535043	0.81	0.58	0.006690287173660917	Habp4
3.5464342012435335e-7	-1.577277739487016	0.405	0.7	0.006850646946542134	Pak7
3.603185367248696e-7	-0.7484140126132477	0.012	0.2	0.006960273173914306	Pnldc1
3.6495276092310244e-7	0.4820557558059313	1	1	0.00704979248275157	Tbca
3.682874928573655e-7	-1.0823284110151612	0.048	0.3	0.00711420949952573	Scrt1
3.691266068497675e-7	-0.7990401225641992	0.78	0.94	0.007130418664516958	Clic4
3.8361175304548084e-7	1.7847671357839971	0.381	0	0.007410228233579554	Kdf1
3.889126572678963e-7	-1.6470600144613903	0.107	0.4	0.007512625800443953	Srgap3
3.915551569001768e-7	-0.9904212116006827	0.018	0.22	0.007563670965840715	Paqr9
3.944964099750447e-7	-1.4784266808808297	0.042	0.28	0.007620487151487939	Dscam
3.956044374322107e-7	-0.4628610283291694	1	1	0.007641890917878014	Nme2
4.0578850431662696e-7	-0.8003157560930363	0.798	0.98	0.007838616537884284	Tpm4
4.2316543829514695e-7	-0.9867583669996534	0.226	0.62	0.008174286771547353	Pip4k2b
4.270219964503329e-7	-0.9934147441185299	0.012	0.2	0.008248783905431082	Rmst
4.287330126843776e-7	-0.48349787245694476	0.994	1	0.008281835606024123	Hnrnpu
4.2948342787167117e-7	-1.0471555403449329	0.107	0.42	0.008296331376197072	Ap1s2
4.3531990402649665e-7	-0.8316103207500578	0.125	0.46	0.008409074586079836	Ppm1f
4.4839786239864657e-7	-1.2002799889564681	0.595	0.86	0.008661701507954657	Gcsh
4.496284311087282e-7	-1.4244370573334855	0.042	0.28	0.008685472403727303	Ccn1
4.518742904185698e-7	0.8136815879654865	0.964	0.94	0.008728855668015512	Sec11c
4.522889022650112e-7	0.3880270971775226	1	1	0.008736864725053221	Cox7a2
4.580762737347426e-7	-0.5742820401978577	0.952	1	0.008848659379734022	Mat2a
4.6057532498846997e-7	-1.0143732463883097	0.256	0.64	0.008896933552802274	E2f6
4.669438271293257e-7	-0.8107116473888314	0.131	0.48	0.009019953908657185	Plod2
4.675646861890683e-7	0.9331026150985391	0.935	0.78	0.009031947043114231	Srrm3
4.726044284375078e-7	-0.5847727556768958	0.012	0.2	0.009129299744127338	Ptger4
4.796755227232411e-7	0.85128873084886	0.976	0.88	0.009265892072444848	Farp1
4.80114074980978e-7	-1.3309551281047949	0.054	0.3	0.009274363586407552	Mdfic
4.878817629938045e-7	1.9586983672856983	0.47	0.1	0.009424412015751322	Gm37240
4.882468563762814e-7	-0.8300401473813566	0.524	0.9	0.009431464524620629	Acsl3
4.928205068759587e-7	-0.7464440852605492	0.827	0.98	0.009519813731322895	Ezh2
4.990154589774567e-7	-1.1639321541299463	0.042	0.28	0.00963948162106753	Pcdh10
5.017686974889062e-7	-0.7675121678276248	0.798	0.92	0.009692665929393201	Ruvbl1
5.04864496512187e-7	1.9449624931100808	0.375	0	0.009752467479125917	Eps8l2
5.13936736496878e-7	-0.7927252916006114	0.619	0.9	0.009927715938910193	Fkbp5
5.164406927473507e-7	-0.7364591743185291	0.952	1	0.009976084861800573	Mrpl12
5.295283966183343e-7	-1.5132118161140218	0.054	0.3	0.010228900037476365	Msrb3
5.305154633268013e-7	-0.9494347257360969	0.149	0.5	0.010247967205083822	Rasa3
5.320800326644803e-7	-1.1647305760952997	0.095	0.4	0.010278189990979767	Hist1h1a
5.474082610715895e-7	-1.0104902185698208	0.5	0.86	0.010574285379119894	Mdga2
5.524174445367972e-7	1.901284712912396	0.405	0.02	0.010671047776117312	Ppl
5.54331707771991e-7	1.459336188346467	0.673	0.3	0.01070802559903155	5330417C22Rik
5.745880139681849e-7	1.2015438356086583	0.768	0.58	0.011099316665823427	Appl2
5.998640006968668e-7	1.5451415583912689	0.619	0.3	0.011587572901461377	Plekhg3
6.030499234448734e-7	0.8653083174571004	0.917	0.74	0.01164911537118462	Lrp11
6.054192857378926e-7	-1.8949143692551123	0.083	0.36	0.01169488434259887	Pakap-1
6.066371073731953e-7	1.538416270277446	0.667	0.4	0.011718409003128013	Tspan15
6.098897826848641e-7	0.9050108039120234	0.923	0.82	0.01178124093212352	Riok3
6.222911963419841e-7	-0.8821965981968378	0.387	0.8	0.012020799039738107	Acat2
6.247198781394428e-7	1.2410952781922857	0.851	0.58	0.012067713886019618	Pawr
6.247198781394428e-7	1.1880016870715087	0.804	0.74	0.012067713886019618	Mboat2
6.26470156447427e-7	2.3831961752867166	0.5	0.14	0.012101524012094947	Arhgap18
6.316283480441882e-7	-3.3727897453226214	0.077	0.34	0.012201164799169583	Slc7a11
6.404959753638565e-7	-1.2192200456957236	0.071	0.34	0.012372460756103616	Cacng7
6.511535008680465e-7	-0.5751313364508648	0.06	0.32	0.012578332176268053	Mir99ahg
6.521057650988605e-7	-1.3044413459582225	0.089	0.38	0.012596727064414689	Prkcb
6.537565864825706e-7	1.8597266583595213	0.482	0.1	0.012628615981083816	Erbb3
6.57955535707585e-7	1.2310887177371044	0.792	0.66	0.01270972708326342	Tuba4a
6.614951227594331e-7	-1.1106713550965133	0.369	0.74	0.01277810128634397	Nhs
6.629151848850943e-7	1.9651660992563833	0.369	0	0.012805532626425368	1810019D21Rik
6.665290548778697e-7	-1.3923864088676856	0.179	0.52	0.01287534175307581	Cecr2
6.682501102024288e-7	1.1166520028774787	0.851	0.72	0.012908587378780317	H2-K1
6.745157427566029e-7	0.8252043043798213	0.905	0.9	0.013029620602829297	Rab11a
6.821111479248524e-7	-1.0074868998210305	0.696	0.96	0.013176341044464374	Clasp2
7.009525983488754e-7	-0.9490613524564827	0.423	0.8	0.013540301342305227	Maoa
7.08821912087065e-7	-0.8611050981400425	0.089	0.38	0.013692312875785834	Btbd19
7.142224664322889e-7	-0.5100967510520489	0.97	0.98	0.013796635384072525	Eprs
7.227117213171834e-7	-0.8452270882647615	0.137	0.48	0.013960622320684032	Idh1
7.351053289739329e-7	-0.910995924221	0.042	0.28	0.014200029639789462	Fscn1
7.366988266591524e-7	1.0489784758595198	0.964	0.88	0.014230811234574847	Tmem164
7.541915123724574e-7	-1.3347472659803588	0.042	0.28	0.014568717444498759	Cyp1b1
7.632900485720369e-7	0.7892487679601187	0.917	0.94	0.014744473868266036	Rala
7.814272526024728e-7	1.3173638812043043	0.815	0.58	0.015094830238521968	Eda
7.937340323791608e-7	-0.913140123511738	0.107	0.42	0.015332560303468249	Orc1
8.233330916054817e-7	1.9454814763485944	0.44	0.06	0.01590432533054309	Aldh1b1
8.25308262058148e-7	0.914535225061997	0.958	0.7	0.015942479698177244	St18
8.337396420127332e-7	-0.8451951251128825	0.702	0.92	0.016105348664759968	Ptprs
8.380113127591941e-7	1.3963790626190449	0.744	0.48	0.01618786452856935	Nbl1
8.452097635859033e-7	-1.3486554782996236	0.119	0.42	0.016326917003188893	Tmem179
8.470361630125926e-7	-0.5944071287382424	0.988	1	0.01636219756091425	Hspa9
8.544983295868928e-7	1.937178879902065	0.387	0.02	0.016506344232630008	Gm28172
8.684640251021645e-7	2.235124560345139	0.363	0	0.016776119572898512	Muc1
8.726926743614181e-7	-1.1007083437350385	0.077	0.36	0.016857804390639514	Gprin3
8.738181629128723e-7	-1.075857420890042	0.298	0.66	0.016879545452987955	Elovl4
8.783130727063562e-7	-0.9825111443372139	0.601	0.82	0.016966373625468684	Usp22
8.791220190009917e-7	-0.9302067048530078	0.81	0.96	0.016982000041042156	Nolc1
8.793611287384675e-7	1.1550501743126742	0.893	0.84	0.016986618923840978	Pitpnc1
8.866295469096154e-7	0.5330389431939162	1	1	0.01712702295765304	Slc25a5
8.867571380579011e-7	1.7234094528428252	0.548	0.18	0.017129487635864478	Sorcs2
8.88711257098547e-7	1.8304174397713413	0.464	0.08	0.017167235353372633	Fgd4
8.908485063805917e-7	-0.5352358373720055	0.893	0.98	0.01720852059775389	Fxr1
8.95971636193517e-7	-0.9625246532971297	0.673	0.94	0.017307484096350165	Dzip3
8.961275762480036e-7	-0.7024772004245876	0	0.14	0.017310496390382686	Adam23
8.961275762480036e-7	-0.9431520174994268	0	0.14	0.017310496390382686	Eya4
8.961275762480036e-7	-0.4298492270716583	0	0.14	0.017310496390382686	Slc26a11
8.961275762480036e-7	-0.7665348066159816	0	0.14	0.017310496390382686	Ppp1r17
8.961275762480036e-7	-1.8918031409462612	0	0.14	0.017310496390382686	Lrrtm4
9.003587839531726e-7	-0.7815318801728094	0.542	0.88	0.017392230629623435	Elp1
9.190888005651006e-7	0.976440418248085	0.923	0.86	0.017754038360516047	Foxa2
9.291609839330057e-7	-1.524879032648016	0.631	0.78	0.017948602726633872	Kcnh7
9.644320056792164e-7	-0.722636843037606	0.905	0.96	0.018629933053705423	Ctnnd2
9.661068528781744e-7	-1.138520517831623	0.125	0.44	0.018662286077047695	Rab30
9.67155255448988e-7	-0.9214065810902251	0.607	0.96	0.018682538069508103	Zfp428
9.84327787309924e-7	1.0802804049951227	0.869	0.74	0.019014259867465803	Pitpnm2
9.887261960592505e-7	0.8072468630008445	0.964	0.9	0.019099223929276543	Sh3d19
9.926853892843243e-7	-1.289074152973554	0.054	0.3	0.019175703664805293	Fstl5
9.982625265403942e-7	-0.7128531238399374	0.042	0.28	0.019283437225180795	Fam149a
1.0327938771785588e-6	-1.1448511370040622	0.262	0.62	0.01995047932545822	Uggt2
1.0383429692072838e-6	-0.6565734764128212	0.762	0.94	0.0200576711361771	Snrnp200
1.0572304981581632e-6	-0.8882225345456893	0.03	0.24	0.020422521532921237	Tead2
1.0645494891123443e-6	-1.331848487098994	0.321	0.66	0.020563902481183154	Aldh1l2
1.0837124726800758e-6	0.7383074542914603	0.958	0.98	0.020934073834761025	Pard3
1.0857536413980143e-6	-0.897765181875279	0.524	0.92	0.020973503090885443	Impa1
1.0986202958223345e-6	-0.9577373908972905	0.536	0.84	0.021222048254400036	Ckap4
1.1044508059214862e-6	-0.8489212003884627	0.5	0.84	0.02133467621798535	Dpy19l1
1.1351857943798143e-6	1.6586334175542967	0.357	0	0.021928383990034873	Smim22
1.155256188441251e-6	-0.9551247634442819	0.226	0.6	0.022316083792119648	Sdc2
1.1886656292223583e-6	1.3375029931033373	0.738	0.5	0.022961453959688294	Nmnat3
1.2147909155175797e-6	-1.0783830451631933	0.03	0.24	0.023466116115053087	Samd5
1.2147909155175797e-6	-1.0390208608519536	0.03	0.24	0.023466116115053087	Glipr2
1.2256780009298933e-6	-0.7034715979363266	0.97	1	0.023676421943962748	Ttc3
1.2423251097977527e-6	-0.7644270275042191	0.28	0.7	0.023997994145963188	Tmem263
1.2552733967937966e-6	-0.6418018144539119	0.929	1	0.02424811620586577	Top2b
1.2573441591008403e-6	1.5065878449522716	0.714	0.46	0.024288117121350934	Bcar3
1.2663792702008144e-6	0.785528255527306	0.935	0.78	0.02446264836246913	Bcap31
1.2687424478600344e-6	-1.3444639694201321	0.262	0.58	0.024508297865312285	Flna
1.2788628246545985e-6	-1.0853866410883573	0.31	0.64	0.02470379318385288	Nat10
1.2849413853226315e-6	-0.6493716916744914	0.036	0.26	0.024821212740277272	AI987944
1.2885946345929362e-6	-0.6597188555701079	0.94	0.98	0.02489178255643175	Mbnl2
1.2905966798429955e-6	0.420291522903121	1	1	0.024930456064527144	Ppp1ca
1.2990193752782305e-6	-1.1121594600634734	0.411	0.76	0.02509315727224958	Mthfd2l
1.31346289280097e-6	0.9208613972830999	0.863	0.72	0.025372162700236338	Macrod1
1.3413011131787024e-6	-0.4457148995468647	0.994	1	0.025909913603272994	Pkm
1.3465522577296393e-6	1.5016263540185046	0.565	0.2	0.026011349962563442	Dop1b
1.3717730006106121e-6	-0.6409482144834128	0.917	1	0.026498539052795193	Asap1
1.3831299568065223e-6	-1.0556757965290484	0.363	0.7	0.02671792137563159	Dmwd
1.4098237726563922e-6	1.571064332861072	0.554	0.2	0.027233565816403526	Rab4a
1.4330165952554972e-6	-1.382403269737864	0.19	0.5	0.027681581570550437	Grid1
1.4344471900948703e-6	-1.1209605184442368	0.048	0.28	0.02770921637106261	Tmem255a
1.4491170114728843e-6	0.9320476398687026	0.917	0.84	0.027992593310621705	H2-D1
1.4515117654714884e-6	-1.0637874653839474	0.458	0.74	0.028038852773612743	Itsn1
1.505160456526727e-6	-0.48765246426677633	0.988	1	0.029075184538726786	Glrx5
1.5148669758863747e-6	-0.8452095081455662	0.03	0.24	0.029262685373197102	Itpkb
1.57151261682062e-6	1.4735026833003424	0.661	0.42	0.03035690921912392	Arhgef3
1.604496905959937e-6	-0.8199624894683231	0.006	0.16	0.030994066732428105	Glis1
1.6076227014258485e-6	1.0029743007903287	0.821	0.68	0.031054447723443117	Prkag2
1.6107005373391402e-6	1.2895865259339019	0.821	0.62	0.03111390227978017	Timp2
1.6195081044606645e-6	1.5220980591041353	0.655	0.36	0.031284038053866654	Tnfaip8
1.6548911898825992e-6	-0.7391189224043995	0.946	1	0.03196753311496217	Cdv3
1.6649018919909287e-6	-0.8591652493394686	0.006	0.16	0.03216090984758877	Tspyl3
1.6881999912622669e-6	0.6745838444402081	1	0.98	0.03261095923121321	Tanc2
1.7017623032623108e-6	-1.2101369263685733	0.048	0.28	0.03287294241211806	Crb1
1.7249119909634287e-6	1.6490544316318367	0.411	0.04	0.03332012492944055	Capsl
1.735233140510268e-6	1.6500617156949862	0.446	0.08	0.033519498575236846	Marveld2
1.7395473922750286e-6	-0.856888015400532	0.024	0.22	0.033602836976576726	Chst2
1.7473185912477116e-6	-1.1018731261180408	0.298	0.66	0.033752953227132045	Mex3d
1.7621975876191547e-6	1.52130569047379	0.589	0.28	0.03404037080003921	Mgat4a
1.7636285700465396e-6	1.3488629760817616	0.643	0.32	0.03406801308758901	Neu1
1.775073413433147e-6	-0.7581199595757862	0.012	0.18	0.0342890931272881	Sema6b
1.78456868289566e-6	-1.081624651654641	0.161	0.48	0.034472513247495465	Usp11
1.7965766040392508e-6	2.116290296002679	0.625	0.34	0.03470447026022621	Egfr
1.821907235550724e-6	-0.7561005722870542	1	1	0.03519378206913334	Ncl
1.8423774085076596e-6	0.7102960939458354	0.958	0.92	0.03558920440014246	Chmp2a
1.859515908399174e-6	-0.8432112658858038	0.006	0.16	0.03592026880254685	Clca3a2
1.859515908399174e-6	-0.620756982463623	0.006	0.16	0.03592026880254685	Runx3
1.8896939339598798e-6	-1.3648507181212044	0.196	0.52	0.036503217722303	Camk2b
1.8980333834664966e-6	-0.8542167849896165	0.839	1	0.03666431086842231	Map4k4
1.911119950720978e-6	1.3918616659315737	0.673	0.36	0.03691710408807713	B4galt2
1.922905747208061e-6	-0.5647183708810575	0.863	0.98	0.03714477031881811	Ube2e3
1.926650850360666e-6	1.718505172397805	0.345	0	0.037217114476416985	Snai3
1.9777288660451033e-6	-0.9763586702818412	0.065	0.32	0.03820378850539326	Cpeb1
2.0020251264505677e-6	-0.8873991359144626	0.119	0.44	0.038673119367645614	Sat2
2.0110579155001916e-6	-1.307937928988141	0.774	0.86	0.0388476057537172	Syt11
2.0206559536429753e-6	-1.3981858206903834	0.179	0.52	0.039033011056521356	Ltbp1
2.0676558009740492e-6	0.4720713630732112	1	1	0.039940907107415706	Pgls
2.0684399419691953e-6	-0.7398893916255225	0.024	0.22	0.039956054359018944	Nat8l
2.0684399419691953e-6	-0.6746292863092576	0.024	0.22	0.039956054359018944	Slc9a5
2.0794152501358344e-6	-0.7353001689180129	0.286	0.7	0.04016806438687391	Npas3
2.0905459885645814e-6	-1.0088002305559094	0.536	0.8	0.04038307686110202	Mapre2
2.0969654903146896e-6	1.3600130746448031	0.679	0.38	0.04050708237640886	Celf3
2.113649126302229e-6	1.6515056014274845	0.732	0.38	0.04082936017278016	Kcnip1
2.115138231818348e-6	1.8960165451681228	0.411	0.06	0.04085812522403503	Ppfibp2
2.1472589177734344e-6	-1.5238863298210732	0.256	0.58	0.041478600514629434	Arhgap24
2.1497357061951493e-6	-0.9577481393526006	0.018	0.2	0.0415264446365717	Akr1b8
2.1550308619602327e-6	0.9741578014638939	0.887	0.72	0.041628731160485814	Mxd4
2.1790595045591596e-6	-0.7135176780307142	0.804	0.96	0.042092892449569284	Coq7
2.212880542350971e-6	-2.086796685113109	0.036	0.24	0.042746213436593704	Unc5d
2.2707904113385624e-6	-0.9613517606274273	0.101	0.4	0.04386485837582701	Tram1l1
2.3200475442122647e-6	-0.939684058764795	0.024	0.22	0.04481635841154832	Fbxl7
2.3433695470287043e-6	1.6972924113238048	0.542	0.24	0.04526686953995348	Plaat3
2.3490637298273713e-6	-0.8913961569901168	0.673	0.9	0.04537686406907533	Gkap1
2.3586772230222037e-6	-0.712722891393136	0.065	0.32	0.045562567917119906	Thbs3
2.3979829384949666e-6	-0.8330479937658992	0.458	0.8	0.04632183642290727	Msantd3
2.4293301172402965e-6	1.5026872912320224	0.524	0.18	0.046927369874730805	Sh3bgrl2
2.4714228849348556e-6	-0.6938547662811708	0.804	0.96	0.04774047586828661	Sms
2.4827549224155323e-6	-0.8642545396190022	0.851	0.94	0.04795937683630084	Cnih4
2.5237215778778746e-6	0.9392925992283222	0.81	0.64	0.0487507297198669	Ptprf
2.5629921210609842e-6	-0.7792012344624945	0.815	0.98	0.049509318802535035	Cask
2.5666934114392428e-6	1.1743825957021894	0.744	0.62	0.049580816628771854	Ostf1
