p_val	avg_log2FC	pct.1	pct.2	p_val_adj	Gene
1.2012558085655302e-35	1.7679533500286877	0.727	0	2.3204658454060346e-31	Trim16
1.2012558085655302e-35	2.262216643961054	0.727	0	2.3204658454060346e-31	Bmp4
2.5241829964343647e-34	3.8646669939928704	1	0.024	4.875964294212263e-30	Akr1c14
1.4162620431585827e-33	2.6691345812600176	1	0.024	2.7357933887694344e-29	Lpar1
4.8705920937509976e-32	4.07609916477418	0.909	0.019	9.408522747498801e-28	Slc1a3
8.415453585986433e-32	2.1815892104334145	0.909	0.019	1.6256131692049992e-27	Smo
9.276910388877304e-32	2.2930587081498834	0.727	0.005	1.792020779819429e-27	Nog
2.927090124482155e-31	1.3660812846027157	0.636	0	5.654259993462179e-27	Slc26a11
4.465222420269655e-31	4.6649514662608	1	0.034	8.625470149234893e-27	Gxylt2
5.4254434884898784e-30	2.9428934253302463	1	0.034	1.0480329186715898e-25	Rest
2.1232345938260533e-29	2.5411839594371055	0.909	0.024	4.101452264893787e-25	Icam1
4.019876575006994e-27	3.207547500474652	1	0.043	7.76519557994101e-23	Spats2l
6.573574184259762e-27	1.3642870546708163	0.545	0	1.2698173251734583e-22	Chst1
6.573574184259762e-27	1.3380362462771882	0.545	0	1.2698173251734583e-22	Ccdc102a
8.245191703919426e-27	3.751614608656279	0.909	0.034	1.5927236814461154e-22	Rai14
3.3492688179616475e-26	2.9478505427565307	1	0.048	6.469782575656515e-22	Runx1
1.11525880290018e-25	2.1460022700883092	0.727	0.014	2.1543454295622777e-21	Car14
3.4432861988453587e-25	2.375978661766999	1	0.048	6.651395950309579e-21	Hspg2
2.5766949770234016e-24	4.360963714011253	1	0.063	4.977401687116105e-20	Lhfp
3.0091216908512583e-24	2.627874665634092	0.909	0.039	5.812720370217376e-20	Tcf7l2
3.409902437873528e-24	1.4770567252281095	0.636	0.01	6.586908539240295e-20	Elfn1
4.1276827926129455e-24	1.9236250165132185	0.818	0.029	7.973444850490427e-20	Flrt2
5.710733837911431e-24	2.5206105978216495	0.727	0.019	1.103142455469351e-19	Slco2a1
1.2867023078156308e-23	2.5905783383095975	0.818	0.029	2.4855228480074542e-19	Stxbp6
3.1890684048096405e-23	1.7134741917920069	0.545	0.005	6.160323437570783e-19	Tnnt2
3.1890684048096405e-23	1.6365078917711393	0.545	0.005	6.160323437570783e-19	Gjb4
3.518627091598045e-23	2.1600876475459705	0.909	0.043	6.7969319528399445e-19	Prtg
1.2858512244114148e-22	2.964359502030773	0.818	0.034	2.48387881019553e-18	Antxr2
1.3666748249500248e-22	1.7240903317862346	0.455	0	2.640005759355963e-18	Trim54
1.3666748249500248e-22	1.7451947283775802	0.455	0	2.640005759355963e-18	Ereg
1.3666748249500248e-22	1.1812235806693097	0.455	0	2.640005759355963e-18	Acsbg1
2.0103334303883806e-22	3.6510352545149174	0.727	0.024	3.883361087481235e-18	Myof
2.3221271917260787e-22	3.0799080986391183	0.909	0.053	4.485653096257266e-18	Ccn1
2.3221271917260787e-22	3.008199380426325	0.909	0.053	4.485653096257266e-18	Abcg2
4.04330183509346e-22	3.448650016208312	1	0.077	7.810446154850037e-18	AU020206
6.4661504718884e-22	3.7931024788267793	0.636	0.014	1.2490662866546823e-17	Hmcn1
8.409779196833473e-22	1.5031293673339343	0.636	0.014	1.624517047452322e-17	Tead4
1.2966280416847302e-21	1.8341168525637004	0.727	0.024	2.5046963881223933e-17	Gpx8
1.3672462038675201e-21	2.8433185246463872	0.909	0.053	2.6411094920108886e-17	Aox1
2.42231305261113e-21	2.803309486675368	0.818	0.039	4.67918212372892e-17	Rasl11a
3.528955243031144e-21	2.925648140676156	0.909	0.058	6.81688284296326e-17	Tfpi
4.0813089892427294e-21	1.2260934744203325	0.727	0.024	7.88386457452018e-17	Gcnt4
4.435840516592844e-21	2.042649351928885	0.818	0.039	8.568713125902397e-17	Tead2
5.046918050341881e-21	3.2409187972062314	0.909	0.058	9.749131597845413e-17	Pcolce2
1.5571565573709933e-20	5.255430782835264	1	0.092	3.0079593218735477e-16	Slc7a11
5.7499134796917e-20	1.6446871018621059	0.545	0.01	1.1107107868720457e-15	Rspo1
5.850392000463351e-20	2.3202300803158735	0.818	0.043	1.1301202227295055e-15	Pdgfc
6.384278553295559e-20	2.238622774394993	0.727	0.029	1.2332510881401031e-15	Tgm2
1.3432675159176272e-19	1.535441178487872	0.727	0.029	2.5947898604980806e-15	Bmp5
1.3711718046554655e-19	2.190405211406774	0.818	0.043	2.6486925750529625e-15	Pcsk9
1.410565008546976e-19	3.7195290018383886	1	0.092	2.7247884270101936e-15	Sorcs1
1.9793646646158378e-19	1.3410086854066017	0.636	0.019	3.823538722638414e-15	Gfpt2
2.749487823336723e-19	2.7220826562925335	0.909	0.068	5.3111856283395474e-15	Mdfic
2.9584136550669314e-19	2.567261040142102	0.909	0.063	5.714767657492791e-15	Slc7a2
5.738168014004393e-19	1.2780428750184019	0.455	0.005	1.1084419152652286e-14	Bdh2
5.738168014004393e-19	2.309176865230558	0.455	0.005	1.1084419152652286e-14	Afp
7.833018530706919e-19	1.8784044664424604	0.455	0.005	1.5131041895766555e-14	Rgs4
7.833018530706919e-19	0.974032912029116	0.455	0.005	1.5131041895766555e-14	Erbb2
9.147748815226712e-19	1.3680486421338167	0.455	0.005	1.7670706386373442e-14	Ajuba
9.147748815226712e-19	1.7130699215265768	0.455	0.005	1.7670706386373442e-14	Adamtsl3
1.067998728295359e-18	1.2696268311767662	0.455	0.005	2.063053143448145e-14	Lef1
2.1258283193980613e-18	3.041803650828863	0.727	0.039	4.106462564581235e-14	Nqo1
2.6484791899744285e-18	1.3068255685455865	0.364	0	5.1160672512736035e-14	Gm13261
2.6484791899744285e-18	1.3696275096927137	0.364	0	5.1160672512736035e-14	Adh7
2.6484791899744285e-18	1.1400588166211785	0.364	0	5.1160672512736035e-14	Gm19610
2.6484791899744285e-18	2.1016590115575067	0.364	0	5.1160672512736035e-14	Ano1
3.4783878555722035e-18	3.557198598021366	1	0.101	6.719201820608825e-14	Pakap-1
4.979687412484889e-18	2.6408584960709827	0.909	0.072	9.619262174697059e-14	Hspb1
7.294546688355929e-18	1.596178885811535	0.545	0.014	1.409087583789715e-13	Runx3
1.0576904329158675e-17	1.7145865349082485	0.545	0.014	2.0431406092635814e-13	Iqgap2
1.0576904329158675e-17	1.472558628915302	0.545	0.014	2.0431406092635814e-13	Cd109
1.2148515127424904e-17	1.461144365751702	0.636	0.024	2.346728667164669e-13	Fzd7
1.2148515127424904e-17	1.4673323759875045	0.636	0.024	2.346728667164669e-13	Dzip1l
2.6352824024804315e-17	1.803637559132512	1	0.092	5.090575016871449e-13	Pdzrn3
3.4567443237800526e-17	2.781438683618595	0.727	0.043	6.677393010245928e-13	Nav3
3.9451835359526274e-17	2.4606080434891715	0.909	0.077	7.620911036399691e-13	Plaur
4.7646811181506945e-17	1.6158327242796682	0.727	0.039	9.203934515931697e-13	Kcns3
5.0723693155686734e-17	2.8004332964090257	0.818	0.058	9.798295806884007e-13	Cyp1b1
5.943300331657692e-17	3.741181076501048	1	0.116	1.1480673250663163e-12	Maml2
1.1501830353170755e-16	4.212899970547735	1	0.13	2.2218085693219946e-12	Mgst1
1.7917616098083204e-16	2.156227700761848	0.636	0.029	3.4611459016667327e-12	Akr1b8
1.9161574310599668e-16	2.9141530397278266	0.727	0.048	3.701441309578538e-12	Cat
1.9797526499972092e-16	1.6001091025974141	0.636	0.029	3.824288193999609e-12	Ifitm1
2.5721027697176857e-16	1.2930940338416779	0.455	0.01	4.968530920263654e-12	Ankrd34a
3.2216908483452793e-16	2.183049722356831	0.818	0.063	6.223340211748576e-12	Heg1
3.7450021442743483e-16	3.2147644421781023	1	0.126	7.234220642094758e-12	Cd44
4.187015196881694e-16	2.447735744794718	0.818	0.068	8.088057255816368e-12	Emp1
4.403173306480645e-16	2.2524610567552985	0.909	0.082	8.505609876128662e-12	Gnai1
4.812352066972534e-16	2.9724355869578813	0.818	0.072	9.296020487770845e-12	Msrb3
4.828737484548982e-16	1.4182653951797326	0.636	0.029	9.327672198903269e-12	Fam129a
5.24688298529508e-16	3.2493923917184158	1	0.135	1.0135403862694506e-11	Fbn2
5.376080653770353e-16	1.765145547236524	1	0.106	1.0384974998888192e-11	Metrn
6.097498813746582e-16	2.1133393772943765	1	0.111	1.1778538458514272e-11	Inf2
6.1723325842865315e-16	1.5995907549332142	0.545	0.019	1.1923094853066293e-11	Plat
7.422273633602355e-16	1.4143843278910517	0.455	0.01	1.433760597802967e-11	Eya4
7.885258656677345e-16	1.2025126539508875	0.636	0.029	1.5231954147103628e-11	Fgl2
9.011635206610025e-16	1.4937906108654921	0.727	0.043	1.7407775728608584e-11	Tinagl1
1.3369928511439338e-15	1.0586045358621607	0.545	0.019	2.582669090554737e-11	Syde1
1.4456093932080052e-15	3.2613111708357767	1	0.126	2.7924836648599035e-11	Gpc3
1.5651254062956195e-15	3.5914475408301954	0.818	0.072	3.023352747341248e-11	Pde10a
2.6175395854882485e-15	3.1497038118269405	0.909	0.101	5.0563012172876494e-11	Anxa3
3.3325647219993267e-15	1.4901915582112453	0.727	0.048	6.4375152734861e-11	Ccbe1
3.9710625013742e-15	2.5543668285671295	0.818	0.077	7.670901433904542e-11	Ahnak
6.195283443465725e-15	1.7337569418138332	1	0.111	1.196742902774274e-10	Rab13
9.384735456380294e-15	2.100151421066389	0.636	0.039	1.8128493481089814e-10	Trim47
1.155437192057219e-14	1.6153347069045583	0.727	0.053	2.23195802389693e-10	Slc12a4
1.1781518423278239e-14	0.7435424482869508	0.364	0.005	2.2758359138246574e-10	1700102P08Rik
1.1781518423278239e-14	1.5330771131077283	0.364	0.005	2.2758359138246574e-10	Ptchd1
1.3663718527212833e-14	1.0537532645694099	0.364	0.005	2.639420507901703e-10	Fmo2
1.3663718527212833e-14	0.8853724829768428	0.364	0.005	2.639420507901703e-10	Pkn3
1.4550000291671095e-14	1.9343148892574904	0.636	0.039	2.8106235563421055e-10	Pmp22
1.5841033487595928e-14	0.7187787171157609	0.364	0.005	3.0600124387989053e-10	Gm20528
1.5841033487595928e-14	0.8424764857208098	0.364	0.005	3.0600124387989053e-10	Gsta2
3.178996732288023e-14	1.825757108465789	0.636	0.039	6.140867987760774e-10	Ehd2
3.1935017031251294e-14	3.4613965461295493	0.455	0.014	6.168887239926813e-10	Cbr3
3.4258973890793724e-14	1.9884927134972203	0.909	0.097	6.617805986484624e-10	Rbms2
3.68969684663995e-14	3.6345351239427997	1	0.184	7.12738739865439e-10	Msn
3.7257479710653156e-14	4.19108024846507	1	0.174	7.19702735570687e-10	S100a10
4.0274356324640155e-14	1.895909848888644	0.455	0.014	7.779797411230739e-10	Tgfbi
4.8020301387842066e-14	3.122840237414497	0.909	0.126	9.276081619089452e-10	Lpl
4.8415951201503266e-14	1.082517398485682	0.273	0	9.352509293594386e-10	Gm35330
4.8415951201503266e-14	0.7195581479448441	0.273	0	9.352509293594386e-10	Gm10371
4.8415951201503266e-14	0.7689094089669815	0.273	0	9.352509293594386e-10	Nes
4.8415951201503266e-14	0.8619441615917527	0.273	0	9.352509293594386e-10	Gm3776
4.8415951201503266e-14	0.699603593613142	0.273	0	9.352509293594386e-10	Gpc4
4.8415951201503266e-14	0.769603200577329	0.273	0	9.352509293594386e-10	C430049B03Rik
4.8415951201503266e-14	0.7313904112479084	0.273	0	9.352509293594386e-10	Dusp9
5.074605981477681e-14	1.410159551357125	0.455	0.014	9.802616374420436e-10	Fgf1
5.5236291541419516e-14	2.038953201377657	0.818	0.077	1.0669994437056007e-9	Axl
9.659058218653447e-14	1.6674592807931294	0.636	0.039	1.8658402760972864e-9	Fbxl7
1.0736301934051041e-13	2.3355153806503073	0.909	0.106	2.0739314446006395e-9	Abcc4
1.1237003555897018e-13	1.7201025318552585	0.909	0.097	2.170651976892627e-9	Rnd3
1.2590607188847142e-13	2.328599641179601	0.909	0.111	2.4321275906696025e-9	Nabp1
1.7553879401017013e-13	2.1969699387502772	0.545	0.029	3.3908828838944563e-9	Gsta4
2.2582940357369264e-13	1.5568593791061789	0.727	0.058	4.3623465888330205e-9	Oaf
2.807319253225712e-13	2.3869603318893806	0.818	0.082	5.422898601456108e-9	Fut9
3.6354974847326784e-13	2.3021886271102674	0.727	0.068	7.022690491258115e-9	Runx2
4.031094570454e-13	1.528546670371347	0.545	0.029	7.786865381745992e-9	Tiam2
4.031094570454e-13	1.2576000764347064	0.545	0.029	7.786865381745992e-9	P4ha3
4.0413092152746817e-13	1.3343416468444664	0.727	0.058	7.806597011146102e-9	Pex11a
4.592147254115549e-13	1.3959737976495763	0.636	0.043	8.870650850775006e-9	Dlc1
5.810049179365783e-13	1.382355734256801	0.545	0.029	1.1223271999780883e-8	Ptger4
6.583966414673805e-13	3.148313208325819	1	0.198	1.271824792322539e-8	Tubb6
6.968892396188854e-13	0.8830752944385343	0.545	0.029	1.346180944171801e-8	Ttc23
8.322461295676505e-13	2.4203375497954096	0.818	0.092	1.6076498484858306e-8	Smad3
8.624405031641229e-13	2.3032040873925466	1	0.164	1.6659763199621362e-8	Il13ra1
1.012664743769968e-12	1.0329456678901454	0.818	0.077	1.956164485540447e-8	St6galnac3
1.11223706805505e-12	1.191522116085276	0.455	0.019	2.14850834436194e-8	Sh3bp1
1.2768287598115744e-12	1.516820230532622	0.909	0.106	2.4664501153280183e-8	Cnn2
1.659826859521725e-12	3.322984558494193	1	0.213	3.206287544538116e-8	Ccnd1
1.67795542434591e-12	1.5459270532084048	0.455	0.019	3.2413064932089945e-8	Rspo3
1.67795542434591e-12	1.4902083780903572	0.455	0.019	3.2413064932089945e-8	Foxd1
1.858703933681699e-12	1.0905282593111663	0.455	0.019	3.590458388692938e-8	Pon2
1.858703933681699e-12	1.457748882059486	0.455	0.019	3.590458388692938e-8	Pde3a
2.1979959521675927e-12	2.41251293555977	0.909	0.126	4.245868780802139e-8	P3h2
2.4250558804507743e-12	2.621128584093589	0.909	0.164	4.684480444266761e-8	Oat
2.434590988581773e-12	1.3030223203435571	0.818	0.082	4.702899412643411e-8	Ly75
2.458339198147028e-12	1.5124648165080354	0.636	0.048	4.7487738290606136e-8	Hunk
2.523372641235991e-12	1.2864353362080116	0.455	0.019	4.874398931075564e-8	Acot1
2.5302040055749366e-12	1.317911601939581	0.364	0.01	4.887595077569105e-8	Ahrr
2.5302040055749366e-12	1.4547341616811618	0.364	0.01	4.887595077569105e-8	Il33
2.8131643803891134e-12	1.6011476980104666	0.818	0.087	5.43418963359765e-8	Cited1
3.2081102029874067e-12	1.9310512215091393	0.545	0.034	6.197106479110773e-8	Wwtr1
3.237685850393659e-12	0.8860636543899756	0.364	0.01	6.254237757205431e-8	Ephb4
3.237685850393659e-12	1.9331820295554303	0.364	0.01	6.254237757205431e-8	Osgin1
3.782689102671388e-12	0.764386575013078	0.455	0.019	7.30702053963032e-8	Adamts12
4.501080371227887e-12	1.0852734969938296	0.545	0.034	8.694736953100909e-8	Pdgfrb
5.2827547294948265e-12	0.7672611783057448	0.364	0.01	1.0204697310965156e-7	Gm30108
5.2827547294948265e-12	0.9356105535559927	0.364	0.01	1.0204697310965156e-7	Cdc42ep1
5.4418665707138935e-12	2.0184007604534355	1	0.184	1.0512053654648028e-7	Bag3
8.09731147035742e-12	2.043408383678368	0.545	0.034	1.5641576567289426e-7	Gjb3
8.347853818445532e-12	1.3389910493766575	0.818	0.087	1.6125549221091235e-7	Adamts10
1.5909614422905278e-11	1.8674923577594573	0.455	0.024	3.0732602180726126e-7	Epha4
2.2205706665705182e-11	1.6484070427172102	0.818	0.097	4.28947635661427e-7	Dusp18
2.2541807975359515e-11	3.2209776425819996	0.909	0.155	4.3544010466001977e-7	Emp3
2.3686596604607116e-11	2.295439471555758	0.909	0.14	4.5755398661119565e-7	Pakap
2.5033867944083935e-11	2.889246400745809	1	0.275	4.835792270758693e-7	Smpdl3b
2.528805205840653e-11	1.4985510383636795	0.455	0.024	4.884893016122389e-7	Spon2
2.5647284169447983e-11	4.1275054724672735	1	0.285	4.954285883012267e-7	Anxa2
2.7158641086230674e-11	1.523317483736223	1	0.159	5.246234698627179e-7	Cth
2.7728899913648822e-11	2.060568351372937	0.455	0.024	5.356391596319543e-7	Fads3
2.8231736657164908e-11	1.726057240465506	0.545	0.039	5.453524570064545e-7	Morrbid
3.30623795486307e-11	1.941530967409932	0.727	0.082	6.386659857408992e-7	Lix1l
4.383791256247184e-11	1.326677528954833	0.455	0.024	8.468169569692686e-7	Grip1os3
4.431626561230346e-11	1.7522425971418525	0.909	0.126	8.56057302832866e-7	Itgb5
4.801749876675123e-11	1.6880566507878472	0.455	0.024	9.275540236773336e-7	Car12
6.095270122310432e-11	1.4287561753426405	0.727	0.072	1.1774233295267062e-6	Bhlhe40
6.876782042758145e-11	2.0677103300248616	0.727	0.087	1.3283879871995908e-6	Trip10
7.550562578783378e-11	0.9202675213539564	0.455	0.024	1.4585421733435852e-6	Insyn1
9.945283224699194e-11	1.0868063680056823	0.727	0.072	1.921130360515143e-6	Fbln1
1.0320917861460989e-10	2.0539901204926707	1	0.222	1.993691703298419e-6	Wwc2
1.0670629224499627e-10	0.8822966300586126	0.273	0.005	2.061245447296593e-6	Itga2
1.0670629224499627e-10	0.7559327971520018	0.273	0.005	2.061245447296593e-6	Rin1
1.0670629224499627e-10	0.5862110614930036	0.273	0.005	2.061245447296593e-6	Gm26614
1.1365803470338157e-10	2.0149468161434783	1	0.208	2.1955322563652217e-6	Podxl
1.226391316448227e-10	1.7434922702613866	0.273	0.005	2.3690201059830403e-6	Rcan2
1.4088956293767474e-10	0.8994657522440375	0.273	0.005	2.7215636872670627e-6	Flvcr2
1.4088956293767474e-10	0.5518431209124857	0.273	0.005	2.7215636872670627e-6	Vdr
1.4088956293767474e-10	0.5786149832440053	0.273	0.005	2.7215636872670627e-6	Gldc
1.6178539690428232e-10	0.6432380946260037	0.273	0.005	3.1252085120000217e-6	Gm37634
1.6178539690428232e-10	0.6708872917061086	0.273	0.005	3.1252085120000217e-6	Ppp1r14c
1.6178539690428232e-10	0.659878779266672	0.273	0.005	3.1252085120000217e-6	Gm29237
1.6178539690428232e-10	0.6814519287556133	0.273	0.005	3.1252085120000217e-6	Map6d1
1.6178539690428232e-10	0.741481459434175	0.273	0.005	3.1252085120000217e-6	Gm13481
1.6178539690428232e-10	0.5862262250026133	0.273	0.005	3.1252085120000217e-6	Fgfr3
1.628041339769441e-10	0.9273671821938625	0.364	0.014	3.144887456032629e-6	Tlr4
1.728563175259093e-10	1.5322901134732985	0.909	0.13	3.33906548564799e-6	Grik3
1.7597066594136892e-10	1.95360930941126	1	0.164	3.3992253539894234e-6	Mir100hg
1.8082131453994677e-10	1.1201572220101794	0.364	0.014	3.492925332968152e-6	Xlr3b
1.9578808285964083e-10	2.398593356085103	1	0.232	3.782038396599682e-6	Fkbp9
2.0033931232604678e-10	1.9592508591865996	0.545	0.043	3.8699544962022455e-6	Mmp16
2.0549250221272711e-10	1.1360192514790952	0.636	0.058	3.96949866524325e-6	Fzd4
2.0570579071942262e-10	1.3201170468750025	0.818	0.106	3.973618759327087e-6	Ston1
2.4736852821866915e-10	1.3631175380839222	0.364	0.014	4.778417859600032e-6	Hist1h3d
2.7600096337912463e-10	1.555274320735499	0.909	0.145	5.331510609594551e-6	Tigar
2.8049849176863825e-10	1.9952230545869685	0.545	0.048	5.418389365494785e-6	Kirrel
2.9910379515684e-10	1.8812034632097878	0.727	0.097	5.777788011044678e-6	Relb
3.37639197274286e-10	0.8337555245466461	0.364	0.014	6.522176373747383e-6	Bmp6
3.420930596301872e-10	2.225133844775069	0.636	0.072	6.608211632876325e-6	Ier3
3.4596554578470985e-10	2.531807237300135	0.545	0.048	6.68301644792324e-6	Rerg
4.0121756722958706e-10	1.6612175629008432	0.909	0.145	7.750319746173934e-6	Fam53b
4.3225226688526393e-10	2.341233274259168	0.727	0.101	8.349817039422644e-6	Sgk1
5.246719114946871e-10	2.1896240361014794	0.545	0.048	1.013508731434287e-5	Wnt4
5.912496839550006e-10	3.788114583132608	1	0.391	1.1421170144958748e-5	Pgd
6.022447203678178e-10	1.8375210283780001	0.545	0.048	1.1633561263345135e-5	Adamts20
6.022447203678178e-10	1.4346681545961755	0.545	0.048	1.1633561263345135e-5	Jcad
6.250133629513186e-10	1.7152693148020526	0.818	0.121	1.2073383132130621e-5	Satb2
6.487767727344837e-10	2.8758672713947417	0.818	0.164	1.2532420918912023e-5	Hmox1
6.672555928124184e-10	2.3315848808943227	0.818	0.135	1.2889376286357486e-5	Antxr1
7.451999246995365e-10	0.9556538900977056	0.455	0.029	1.4395026945420947e-5	Abcb4
7.576918672799481e-10	2.2566020710075403	1	0.271	1.4636333800246758e-5	Lrrk1
7.64708037541424e-10	1.1709622402509374	0.636	0.063	1.4771865161187687e-5	Lpar6
8.064255318228525e-10	2.8781091795302127	0.818	0.135	1.5577721998222042e-5	Fhl1
8.487252235100077e-10	2.294650174018609	1	0.271	1.6394825142542817e-5	St6galnac4
8.563452228725452e-10	0.5866929636531846	0.182	0	1.6542020670228955e-5	Gli1
8.563452228725452e-10	1.1752665715302277	0.182	0	1.6542020670228955e-5	Myocd
8.563452228725452e-10	0.3371367822669846	0.182	0	1.6542020670228955e-5	Cd300ld
8.563452228725452e-10	0.3714664960506098	0.182	0	1.6542020670228955e-5	Cbr2
8.563452228725452e-10	0.6039823399593853	0.182	0	1.6542020670228955e-5	Aldh3a1
8.563452228725452e-10	0.4376830507527161	0.182	0	1.6542020670228955e-5	Gm45716
8.563452228725452e-10	0.3714664960506098	0.182	0	1.6542020670228955e-5	Phospho1
8.563452228725452e-10	0.5762058974576996	0.182	0	1.6542020670228955e-5	Prcd
8.563452228725452e-10	0.5775969096233511	0.182	0	1.6542020670228955e-5	Bdkrb1
8.563452228725452e-10	1.1997095682870085	0.182	0	1.6542020670228955e-5	Gja3
8.563452228725452e-10	0.40916791321179646	0.182	0	1.6542020670228955e-5	Gm45338
8.563452228725452e-10	0.36293794267189305	0.182	0	1.6542020670228955e-5	Bvht
8.563452228725452e-10	0.4324824926839126	0.182	0	1.6542020670228955e-5	Fas
8.563452228725452e-10	0.5254316482645773	0.182	0	1.6542020670228955e-5	Lef1os1
8.563452228725452e-10	0.5908184068163349	0.182	0	1.6542020670228955e-5	Gm19619
8.563452228725452e-10	0.9409320185825898	0.182	0	1.6542020670228955e-5	Cxcl5
8.563452228725452e-10	1.8929524338579191	0.182	0	1.6542020670228955e-5	Cxcl15
8.563452228725452e-10	0.34159811825401	0.182	0	1.6542020670228955e-5	Tmed6
8.563452228725452e-10	0.5392030285587976	0.182	0	1.6542020670228955e-5	Gsta1
8.9342994664622e-10	2.6896765606271327	0.636	0.077	1.725838627936503e-5	Ccnd2
8.99401367889804e-10	2.6333182674888405	1	0.396	1.7373736223527344e-5	Tspan4
1.07082417400187e-9	2.7855595775339608	0.727	0.106	2.0685110569194123e-5	Igfbp2
1.2809646755700045e-9	2.2575107866379174	1	0.266	2.474439463798578e-5	Adgrg6
1.3284464264768452e-9	0.8821642634897966	0.636	0.063	2.5661599620253217e-5	Arhgap31
1.3838701147264097e-9	1.5710368997688262	0.818	0.116	2.6732219006170056e-5	Mob3b
1.3838701147264097e-9	1.2751222048534536	0.818	0.116	2.6732219006170056e-5	Zfp984
1.3962791581545148e-9	2.3874170234374903	1	0.222	2.6971924498070763e-5	Bmpr1b
1.4035890880494732e-9	1.7099038485969675	1	0.188	2.7113130413851674e-5	Slc35e4
1.4776353365207011e-9	1.254384652755441	0.636	0.068	2.8543481795570383e-5	Fam149a
1.7654216507241273e-9	1.3897942997062929	0.727	0.092	3.410265002703797e-5	Galnt10
1.7850985839465737e-9	1.14345349302698	0.545	0.048	3.448274934609596e-5	Shisa8
1.7850985839465737e-9	1.0158590536275878	0.545	0.048	3.448274934609596e-5	Cped1
2.0100692233304174e-9	2.352339687636112	1	0.3	3.882850718707367e-5	Flna
2.0833963749646402e-9	4.201698735600169	1	0.415	4.024496777519196e-5	Vim
2.1371681193207568e-9	1.8531545092288835	0.727	0.097	4.128367656091906e-5	Atoh8
2.180597516059117e-9	1.3242608575045216	0.727	0.092	4.2122602217713964e-5	Kank2
2.2207739851011144e-9	3.2087427459413496	1	0.435	4.289869107019823e-5	Fkbp11
2.2917590317080713e-9	2.4330317101030916	1	0.343	4.426990921550481e-5	Anxa5
2.3117729466362335e-9	1.4018937141072525	0.818	0.121	4.4656518010172125e-5	Tnfrsf19
2.980114388727536e-9	1.117241363560768	0.455	0.034	5.756686964704981e-5	Osr1
3.102167769587534e-9	1.3668438065510622	0.364	0.019	5.9924574805122395e-5	Gjc1
3.7246760621672908e-9	1.3945804943378801	0.364	0.019	7.194956749288555e-5	Itga1
3.726943441525501e-9	1.9386312521675266	1	0.304	7.199336645994811e-5	Spr
3.736493864673276e-9	1.2121677101505337	0.455	0.034	7.217785198389367e-5	Fzd2
3.9683305673620296e-9	1.5510408217128913	0.727	0.106	7.665624156973232e-5	Plin2
4.027889543703406e-9	1.1114086310940992	0.455	0.034	7.78067423157187e-5	Bcl6
4.787615571676261e-9	1.6908852261228735	0.818	0.14	9.248236999807034e-5	Frk
5.12806576966665e-9	1.7124041231539913	0.727	0.101	9.905884647265068e-5	Samd4
5.16812928760232e-9	2.085447350048027	1	0.314	9.983275344861401e-5	S100a11
5.229100162332056e-9	1.8819020590559643	0.909	0.188	1.0101052783576832e-4	Hspb8
5.305107679458878e-9	3.00606198244623	0.909	0.261	1.0247876504410716e-4	Srxn1
5.3552812571513e-9	0.7744790670067498	0.364	0.019	1.0344796804439166e-4	Tmem37
5.430981533182148e-9	1.2974561308937136	0.455	0.034	1.0491027027647955e-4	A630012P03Rik
5.647973314846969e-9	2.686481805414715	1	0.391	1.091019005228989e-4	Mtap
5.746320571681292e-9	1.6122504674767297	0.545	0.053	1.1100167448316751e-4	Rgcc
6.518682484172739e-9	1.4343736475792186	0.545	0.053	1.259213895467648e-4	Samd5
7.423758959618561e-9	1.9904596606661236	0.636	0.087	1.4340475182295174e-4	Nhsl2
7.962162080052267e-9	2.263800470500539	1	0.3	1.5380508490036966e-4	Cd151
8.225156823452137e-9	2.2932520442318207	1	0.348	1.5888535435862493e-4	Nfix
8.91785313974441e-9	1.019908309654194	0.545	0.053	1.722661691004428e-4	Pttg1
9.302311239820195e-9	1.2733476833071484	0.818	0.13	1.796927462196067e-4	Snx7
9.464260472623227e-9	1.9905546391120705	1	0.3	1.8282111954966287e-4	Pinx1
9.626165026311776e-9	2.462584196055654	0.455	0.039	1.8594862981326457e-4	Prrx2
1.0205012558824766e-8	2.098600534554152	1	0.353	1.97130227598818e-4	Ftl1-ps1
1.0663721571472489e-8	1.874454774408836	1	0.266	2.0599110959613408e-4	Rrp12
1.0885026745227666e-8	2.6551891827069563	1	0.343	2.1026606163756283e-4	Ptchd4
1.1291561510754084e-8	1.0917258030898214	0.818	0.121	2.1811909370323665e-4	P3h1
1.1749172093969246e-8	1.3353757375968978	1	0.203	2.2695875733920394e-4	Poglut2
1.2087930473705207e-8	2.1952241681961353	1	0.444	2.3350255296056348e-4	Arhgap10
1.477760455436308e-8	1.6405595021658586	0.909	0.164	2.854589871766316e-4	Pparg
1.5127609049546967e-8	1.1011652499980036	0.727	0.101	2.9222002401009875e-4	Zbtb16
1.5461369446620218e-8	0.6137093610049309	0.273	0.01	2.9866727360036276e-4	Efna4
1.6686751169119633e-8	2.0913436126407285	0.909	0.275	3.2233797233388394e-4	Avpi1
1.7259064724281498e-8	0.8927158841240619	0.273	0.01	0.00033339335327894567	Gm34455
1.7259064724281498e-8	0.6023021870597818	0.273	0.01	0.00033339335327894567	Tcea3
1.7259064724281498e-8	0.641578753032682	0.273	0.01	0.00033339335327894567	Slc37a2
1.9061986396396644e-8	1.2681527266140828	0.909	0.159	3.6822039121919397e-4	Fndc4
1.925906883603619e-8	0.6450858599378821	0.273	0.01	3.720274327057111e-4	Slc1a2
1.925906883603619e-8	0.595046935251331	0.273	0.01	3.720274327057111e-4	Map3k6
1.925906883603619e-8	0.4740606977469848	0.273	0.01	3.720274327057111e-4	Anpep
1.963960726949928e-8	1.2317218368547007	0.909	0.164	3.793782936249176e-4	Snhg9
2.1093777732064555e-8	1.96772622160902	0.909	0.213	4.07468504450291e-4	Tubb2a
2.1483353055177643e-8	0.7784575359878199	0.273	0.01	4.1499393096686653e-4	Tlr2
2.1483353055177643e-8	0.6406131757912452	0.273	0.01	4.1499393096686653e-4	Dysf
2.1483353055177643e-8	0.7148519365519652	0.273	0.01	4.1499393096686653e-4	Lipc
2.29967699537884e-8	1.788065284680468	0.727	0.13	4.442286051973305e-4	Eno3
2.3689033599251794e-8	-5.122735607196351	0.273	1	4.576010620367469e-4	Tmem163
2.3707543308633752e-8	1.7409847637061366	1	1	4.579586140928782e-4	Ncl
2.3707543308633752e-8	2.95046552234291	1	1	4.579586140928782e-4	Fth1
2.3707543308633752e-8	2.4794298781782116	1	1	4.579586140928782e-4	Ftl1
2.4339445013328527e-8	1.6876780049791174	0.909	0.188	4.7016505932246717e-4	Enoph1
2.438569108604364e-8	1.5751066477159923	1	1	4.71058394709105e-4	Hspd1
2.7611262798144438e-8	2.3005791396048916	1	0.459	5.333667634717562e-4	Tnfrsf12a
2.80121061630542e-8	-5.771145033307269	0.091	0.995	5.41109854751718e-4	Ptprn2
2.9282635874477765e-8	2.1022967725389012	1	0.329	5.65652677187287e-4	Piezo1
3.069220780778063e-8	2.1644781110167584	0.909	0.251	5.928813782228985e-4	Phlda1
3.1351567300665104e-8	2.3655255088237874	1	0.952	6.056182255469478e-4	Tpm1
3.139624090890583e-8	1.6635490157328103	0.818	0.155	6.064811856373339e-4	Sh3pxd2b
3.218240381070355e-8	-7.410926082680039	0	0.99	6.216674944113604e-4	Ascl1
3.228948538700331e-8	1.4573075282334358	1	1	6.237359892207429e-4	Hspe1
3.240677900276502e-8	1.3421403861771712	0.818	0.14	6.260017499964119e-4	Map2k3os
3.3118169695099394e-8	-5.367192956458297	0.091	0.99	6.397436840002349e-4	Ccn3
3.350804505569014e-8	1.077115457265402	0.455	0.039	6.472749063407665e-4	Relt
3.353513472975911e-8	1.1696430379381852	0.364	0.024	6.477981975747567e-4	Ccdc141
3.415520171757392e-8	1.3221030837075285	0.909	0.174	6.597760315783754e-4	Plod2
3.468916874590287e-8	1.836069166460112	1	0.903	6.700906726646058e-4	Lyar
3.5864919547464474e-8	0.9082677862901116	0.455	0.039	6.928026508983712e-4	Ptrh1
3.7122997389305094e-8	1.167799780773234	1	1	7.171049405692065e-4	Npm1
3.921713070753202e-8	-4.641233847464269	0.455	0.99	7.57557313877396e-4	Hes6
3.9227031022827284e-8	1.4174011895278764	1	0.966	7.577485582679547e-4	C1qbp
3.924683820195284e-8	1.120123155994921	1	1	7.58131173547123e-4	Prdx1
3.941843414899053e-8	0.8196042998999293	0.364	0.024	7.614458924560501e-4	Rel
3.9623358285876517e-8	2.862393977877854	1	0.889	7.654044120082767e-4	Gclm
4.081147878954825e-8	-5.305542661494753	0.182	0.986	7.883553357777035e-4	Cplx2
4.083247358058973e-8	1.987491157205932	1	0.894	7.887608921562518e-4	Lrrc59
4.107054307483851e-8	0.9281567768273471	0.455	0.039	7.933596805766556e-4	Rassf9
4.1690461702604886e-8	2.7159552687382127	1	0.556	8.053346487092186e-4	Cald1
4.25710196702644e-8	-5.5227834402069975	0.273	0.986	8.223443869704973e-4	Limch1
4.260883688415505e-8	-4.892598615037451	0.364	0.99	8.23074902091223e-4	Pex5l
4.272388715354408e-8	0.8486506476886766	0.364	0.024	8.25297328145011e-4	Matn2
4.272388715354408e-8	0.7921649103439612	0.364	0.024	8.25297328145011e-4	Clcf1
4.4446058770412516e-8	1.9702800992010023	0.909	0.193	8.585645172680586e-4	Nrp1
4.4822670048034184e-8	1.494175091859718	0.636	0.087	8.658395173178763e-4	S100a4
4.4996329026150604e-8	-4.496030707814321	0.273	0.986	8.691940877981512e-4	Plcb4
4.564487771461386e-8	-4.338707967235859	0.364	0.986	8.817221028131959e-4	Rims2
4.894901775294792e-8	2.0020579212148117	1	0.517	9.45548175933695e-4	Sparc
5.015994642993406e-8	1.0396764555656288	0.364	0.024	9.689396851870363e-4	Epha2
5.025522814376232e-8	-4.2663699816373875	0.273	0.986	9.707802420530567e-4	Celf4
5.074557423215832e-8	-5.6763788146427725	0	0.976	9.802522574426022e-4	Fgf12
5.1888910571116736e-8	1.2848954240551462	0.545	0.063	0.001002338085502262	Myl9
5.360973619207401e-8	1.66050317847378	0.909	0.193	0.0010355792740222936	Jam3
5.778075760599127e-8	1.26607846912525	1	0.986	0.0011161508946749333	Eef1d
5.9347379970398896e-8	1.5028314793957158	1	0.961	0.0011464133388881955	Mrpl12
6.097818385957533e-8	1.4864639897742384	1	0.957	0.0011779155776154165	Cdv3
6.27390948558083e-8	1.5408407069024599	1	1	0.001211931095329649	Ldha
6.329032618228652e-8	1.9575771233580812	1	0.638	0.0012225792308632286	Gcsh
6.371555838597499e-8	0.6801142462805672	0.364	0.024	0.0012307934413418788	Glis1
6.371555838597499e-8	0.8047871598514331	0.364	0.024	0.0012307934413418788	Slc8b1
6.701457997169738e-8	-4.20813400180192	0.364	0.976	0.0012945206413132783	Bex2
6.795316011786127e-8	2.0233129224652364	1	0.676	0.0013126511939967262	Tcof1
6.81061953284289e-8	-2.2407642903841554	1	1	0.0013156073751592612	Ddc
6.904231677408628e-8	-2.970703303733836	0.909	0.995	0.0013336904331250248	Cystm1
6.965226645079207e-8	-4.536249094084202	0.182	0.971	0.0013454728310299503	Cd24a
6.992331146106977e-8	1.1498040370576874	0.455	0.043	0.0013507086074934847	Gm17056
7.065188164268882e-8	2.444544158968058	1	0.686	0.00136478239769182	Gclc
7.240191678192996e-8	1.8675667081331901	0.818	0.188	0.001398587826476541	Fgfr1
7.702265270262058e-8	1.668868091238279	1	0.899	0.0014878465822565216	Ddx21
7.942164210008907e-8	-5.017520822207487	0	0.961	0.0015341878604474206	Pkib
7.949167978954472e-8	1.0652299185796115	0.455	0.043	0.0015355407784946355	Rnd1
8.457110283702452e-8	2.0820507788896725	1	0.28	0.0016336599935028026	Ptprg
8.768835000872114e-8	-4.869574826229192	0.182	0.966	0.0016938758571184663	Cadps2
8.866463670669991e-8	-4.453414670265682	0.091	0.961	0.0017127347872633223	Snap25
8.903103698777165e-8	1.6800090855111698	1	0.865	0.0017198125414927849	Cnih4
9.205822849351469e-8	-6.218577637138534	0	0.957	0.0017782887998092232	Fgf14
9.264262113271222e-8	1.1780659862921747	0.909	0.169	0.001789577512420602	Poglut3
9.69633091770588e-8	1.008732144083917	1	1	0.001873040243373245	Set
1.0038282090563844e-7	1.5179435822691516	1	0.845	0.0019390949514342178	Mybbp1a
1.0038282090563844e-7	1.654295043501841	1	0.845	0.0019390949514342178	Nsun2
1.0114086536160194e-7	1.6181654102102436	1	0.261	0.0019537380961900646	Rbm19
1.0656454470266946e-7	-2.7801793953697835	0.909	0.995	0.0020585073100214657	Reep5
1.0775061365273441e-7	1.488913740906899	1	0.942	0.0020814186039298708	Mrto4
1.0843691378173791e-7	1.7730118097010197	0.909	0.222	0.002094675863521831	Zfp503
1.092917699846224e-7	1.125292814283714	0.455	0.043	0.002111189120792951	Cav2
1.098419601326565e-7	1.976491921545729	1	0.42	0.0021218171438825255	G6pdx
1.1095806869988042e-7	1.3244857136131027	1	0.995	0.0021433770130755902	Pa2g4
1.1308516344724597e-7	0.6993359656385656	0.545	0.063	0.0021844661023104504	Ccdc80
1.1384394779477614e-7	2.187763557582401	1	0.623	0.0021991235395516905	Cebpb
1.1397881449049701e-7	1.127329798557947	1	0.986	0.002201728759512931	Rsl1d1
1.1703188013175984e-7	1.1531082413815474	1	0.966	0.0022607048285052046	Eif4g1
1.1708694573685139e-7	-2.665539642123698	0.909	1	0.002261768530798758	Tanc2
1.1708694573685139e-7	0.921527215793668	1	1	0.002261768530798758	Ybx3
1.201520137961919e-7	-3.6676974974789696	0.545	0.981	0.002320976450501039	Tmem117
1.202628925686708e-7	1.3177879700639767	1	0.981	0.0023231182957490137	Psmd7
1.225701794847506e-7	1.7840201374185274	1	0.643	0.0023676881571069275	Isyna1
1.2336735393167134e-7	-4.85978068984256	0	0.947	0.0023830871758980954	St18
1.2336735393167134e-7	-5.1078027946281335	0	0.947	0.0023830871758980954	Tcerg1l
1.2345598650183607e-7	-3.258751175762363	0.455	0.99	0.002384799291255967	Gabrb3
1.2352213891144642e-7	1.943469976866594	1	0.976	0.0023860771573524105	Prdx6
1.2353868179688935e-7	1.5286773376000624	1	0.986	0.0023863967162705115	Tomm5
1.249096422500834e-7	-4.108593862314001	0.545	0.966	0.002412879559344861	Cacna1a
1.2800624707188664e-7	1.6561529108627524	1	0.246	0.0024726966746876342	Zfp36l2
1.2819655842943022e-7	1.2060111235487914	0.636	0.092	0.0024763729191813037	Gm7160
1.286303274938343e-7	1.6440160237160677	0.636	0.097	0.002484752036198397	Tgfb2
1.3383769661227898e-7	-3.379254528850664	0.818	0.981	0.002585342785459393	Slc8a1
1.3387669832243716e-7	-1.248688315802875	1	1	0.0025860961814945186	H3f3a
1.3808552623170974e-7	1.5215012006213897	0.909	0.203	0.002667398110217937	Mboat1
1.3934085298848445e-7	-3.418333099950633	0.727	0.995	0.002691647257178554	Tox
1.409734900242778e-7	1.2892391476798655	0.636	0.092	0.002723184906798974	Fbxo6
1.4109110902652015e-7	1.7719053073539972	1	0.836	0.0027254569530652897	Nolc1
1.4320402267180713e-7	-3.9987841416483265	0.091	0.947	0.0027662721059512983	Scg3
1.4320521044383048e-7	-4.561214512654788	0.091	0.947	0.0027662950501434734	Chga
1.4382397279224718e-7	1.7796689112591277	1	0.531	0.002778247682427839	Pdcd11
1.4422984517611277e-7	1.4820993639128919	1	0.923	0.0027860879192669703	Ppid
1.446079238391194e-7	1.4331774074978747	1	0.937	0.002793391264800269	Ppa1
1.4707786254616996e-7	-4.766742644886096	0.091	0.947	0.002841103070804365	Ntn4
1.5093790829873966e-7	1.7675333818411008	1	0.353	0.002915667574606754	Nat10
1.5292325509533602e-7	1.799757734403218	1	0.256	0.0029540185186766057	Abcb1b
1.5298471796157382e-7	-1.6207748782234264	1	1	0.0029552057968637215	Tle5
1.5605820332779138e-7	-5.398716070635244	0.273	0.957	0.003014576313682946	Ctnna2
1.594603889986398e-7	0.9408510491189657	0.455	0.043	0.003080296334286725	Tle6
1.6006383378264515e-7	-4.15860146642422	0.273	0.952	0.0030919530771793564	Prox1
1.6134323050745236e-7	-1.8599294153346668	1	0.99	0.003116667183712457	Atp6v1g1
1.6524750775174535e-7	1.6308345622679472	1	0.792	0.003192086107240465	Hsph1
1.6533304917281418e-7	1.5982146850206551	1	0.531	0.0031937385108712518	Szrd1
1.676927873063494e-7	-4.330236222456489	0.091	0.942	0.0032393215723967514	Srrm3
1.6997818502738568e-7	1.296158970134507	1	0.957	0.0032834686001740093	Nhp2
1.701453351823215e-7	0.9091734070274979	1	1	0.0032866974397169043	Serbp1
1.7471802418597217e-7	-2.0443369137490297	1	0.995	0.0033750280732004244	Uchl1
1.7637093150137879e-7	1.4231316187491752	0.545	0.072	0.003406957283812134	Ermp1
1.804231529661443e-7	2.292167998112956	0.909	0.28	0.0034852340458470096	Rab34
1.8199907306600564e-7	1.350997468377436	0.818	0.159	0.003515676094416031	Tnks1bp1
1.8229901552118963e-7	1.1111160099543906	0.545	0.068	0.00352147008282282	Gm17494
1.836180379648406e-7	1.988256467047644	1	0.444	0.0035469496393668257	Magi1
1.8416997097080702e-7	1.2480507610465532	1	0.971	0.0035576113292430794	Ebna1bp2
1.9016443588479767e-7	-5.3387334626101115	0	0.932	0.003673406407986637	Pclo
1.9617556101284e-7	-6.0155341098543325	0.091	0.937	0.0037895233120850305	Krt7
1.9942244391316585e-7	1.0360109678748595	1	1	0.003852243349070625	Txn1
2.0892779917623538e-7	1.7166573025336946	1	0.652	0.0040358582966873386	Map2k3
2.097369458349069e-7	-4.098837319417754	0.636	0.961	0.004051488582692897	Ccser1
2.1353877379166117e-7	1.1541203318697102	0.545	0.068	0.004124928493333519	Ndrg2
2.1429797745107233e-7	1.76392994537094	0.636	0.097	0.004139594030422364	Gm26532
2.1438382036682914e-7	1.7914045559464504	1	0.343	0.004141252258026039	Zeb2
2.1768586735474764e-7	0.6983840508499806	0.455	0.043	0.004205037899691661	Zfp286
2.1901024477617926e-7	1.6906640846283403	1	0.676	0.004230620898341455	Ftsj3
2.2661598474128035e-7	1.4184436701103498	0.455	0.048	0.004377540977247313	B4galnt2
2.2849727446741446e-7	1.7801075690029968	1	0.643	0.004413881850887045	Las1l
2.2927111000419145e-7	-5.557969541330413	0.091	0.932	0.004428830031950966	Nebl
2.3343632436361048e-7	-2.4304640067576457	0.818	0.976	0.004509289477731863	Khdrbs3
2.372118087197144e-7	-4.374750373697172	0.273	0.942	0.004582220509038723	Rab3c
2.386225266307925e-7	1.5856241030969604	1	0.831	0.004609471346927019	Ddx39
2.395204345796325e-7	1.27976456076333	1	0.957	0.004626816234774761	Eif2s1
2.4163554201449836e-7	-4.508132023967128	0.091	0.932	0.004667673765094065	Enox1
2.4331479684850166e-7	0.933640715511423	0.364	0.029	0.004700111930722507	Lrrc75aos2
2.4331479684850166e-7	1.2189362002641204	0.364	0.029	0.004700111930722507	Pvr
2.4611913115653784e-7	-1.7931559542487039	1	0.995	0.004754283256550841	Ppp3ca
2.466043859241673e-7	1.589092394818172	0.818	0.174	0.00476365692289714	Etv4
2.5152586384102654e-7	-3.563401950349023	0.455	0.957	0.00485872511181711	Snx30
2.526470859305689e-7	1.1456663623483836	1	0.99	0.0048803837589208	Hspa9
2.526470859305689e-7	0.8917525152070724	1	0.99	0.0048803837589208	Cct6a
2.5266563724746613e-7	1.3281351167324704	1	0.87	0.004880742114709303	Ddx3x
2.5266765440785686e-7	-4.523841597448567	0	0.923	0.004880781080196571	Jakmip2
2.55389599376115e-7	1.1072111163487828	0.455	0.048	0.004933360891148414	Plpp3
2.5927821528007665e-7	1.1646210798541738	1	0.971	0.00500847728456524	Phb2
2.600822039455604e-7	1.4256708731983871	0.727	0.13	0.0050240079336163895	Polrmt
2.600822039455604e-7	1.2158548080665035	0.727	0.13	0.0050240079336163895	Wdr60
2.615402290197959e-7	1.0849672991440698	0.364	0.029	0.005052172603975397	Cd14
2.731462556919545e-7	-2.683035360423643	0.818	0.976	0.005276366221201485	Syt7
2.760339574270233e-7	-4.5534277017700635	0.182	0.932	0.0053321479556178095	Stxbp5l
2.760339574270233e-7	-4.724348758419646	0.182	0.932	0.0053321479556178095	Aldh1a7
2.760339574270233e-7	-3.9969261257654343	0.182	0.932	0.0053321479556178095	Scg5
2.770948890742979e-7	-3.489398742162356	0.273	0.937	0.005352641972248213	Insm1
2.7807093255581375e-7	1.8201306634176317	1	0.691	0.005371496204180654	Nfia
2.810809543541548e-7	1.0358300549679866	0.364	0.029	0.005429640795259208	Cp
2.810809543541548e-7	0.833106192127476	0.364	0.029	0.005429640795259208	Fhod1
2.877772890893144e-7	1.2529887770433397	1	0.966	0.005558993893338286	Tomm40
2.9306074715239887e-7	1.6007278859886263	1	0.391	0.005661054452742889	Ehd1
3.0202805844698734e-7	0.8588370517311601	0.364	0.029	0.005834276005020455	Lypd6
3.057553314059002e-7	1.592901362673758	0.636	0.106	0.005906275736767774	Yap1
3.180838372161805e-7	1.681528350852068	1	0.928	0.0061444254835049585	Txnrd1
3.1948079922913103e-7	1.2059620040790913	1	0.99	0.006171410598709124	Prrc2c
3.27885919845545e-7	0.8219261186107172	1	1	0.006333772313656393	Nme2
3.27885919845545e-7	-2.387446814715092	1	1	0.006333772313656393	Robo1
3.3042167545343183e-7	2.066524348450617	0.636	0.101	0.0063827555047339425	Fosl1
3.318760894362939e-7	-3.7334068361884487	0.273	0.932	0.006410850419640889	Ina
3.364911796898893e-7	1.1400376487167803	1	0.986	0.006500000118069591	Cacybp
3.436090968020595e-7	1.0543574656640087	0.455	0.048	0.006637496922925383	Chst2
3.543935821788487e-7	0.8989939242286766	1	1	0.00684582082694882	Eif3a
3.557631611357941e-7	2.328235932816766	0.545	0.077	0.006872276983660134	Serpine1
3.600708992273351e-7	0.9676312441544028	0.273	0.014	0.006955489560374432	Gm49708
3.6368046123957026e-7	-0.9325009322043405	1	1	0.007025215469764779	Eef1a1
3.673843071805754e-7	-3.6611383232214894	0.182	0.932	0.007096762661807175	Tenm4
3.731730859209048e-7	1.1820944262621071	1	0.981	0.007208584500734118	Gspt1
3.7329334901571485e-7	1.8354534487634262	1	0.599	0.007210907622936563	Me1
3.829639149399489e-7	0.9145367934642996	1	0.995	0.007397713944894993	Pkm
3.8446737938215376e-7	-4.850090089641223	0	0.908	0.007426756367525064	Nipal2
3.844703602795422e-7	-5.83767563960294	0	0.908	0.007426813949519917	Col8a1
3.844703602795422e-7	-4.192397060555859	0	0.908	0.007426813949519917	Srrm4
3.851505941812515e-7	-3.7687019169566334	0.182	0.923	0.0074399540277992355	Gnao1
3.8658168382197393e-7	0.8735907116699151	0.455	0.048	0.007467598386389071	Tns2
3.944217026350117e-7	1.1302482388574706	0.273	0.014	0.007619044029800521	Cav1
3.966752181945512e-7	-3.081994507658748	0.545	0.957	0.007662575189864145	1700042O10Rik
4.0322915041958934e-7	-2.2608317550215475	1	0.99	0.007789177498655207	Ucp2
4.0438430215879974e-7	1.79383085538909	0.455	0.053	0.007811491564801535	Ephx1
4.136839253124971e-7	-2.141094853922157	1	0.976	0.007991132385261506	H2afv
4.137507546250098e-7	-1.6526084112371775	1	1	0.007992423327091314	Rere
4.166085587133641e-7	1.9117744695133643	1	0.329	0.008047627528666054	Nrxn2
4.192967196493036e-7	1.2797122365016282	1	0.85	0.008099554733465597	Atic
4.198033191296999e-7	0.9097251894860507	0.545	0.072	0.008109340715628414	Cd302
4.2697881880539834e-7	-4.387927278950431	0.182	0.923	0.00824794984286388	Hdac9
4.3149057081130823e-7	0.6402080098345353	0.364	0.029	0.00833510335636204	Gm4737
4.319242809463405e-7	0.749387499988758	0.273	0.014	0.008343481335040459	Spry4
4.319242809463405e-7	0.7397915440500635	0.273	0.014	0.008343481335040459	Kcng1
4.319242809463405e-7	0.5185316330111664	0.273	0.014	0.008343481335040459	Bnipl
4.324732879139021e-7	1.4856009676716908	0.636	0.111	0.008354086502632847	Acot9
4.414448793675575e-7	-4.865599775452729	0	0.903	0.008527390734743108	Nalcn
4.5265602857392874e-7	-2.9417756425097914	0.727	0.995	0.008743956503962582	Hcn1
4.631536853142623e-7	0.5481421586670265	0.364	0.029	0.008946739739215604	Cspg4
4.637084923723169e-7	1.1228960398856755	0.636	0.097	0.008957456947156045	Tgif2
4.64615441354141e-7	1.8452544596261387	1	0.478	0.008974976480637942	Slc19a1
4.704405204954607e-7	0.8437835097022908	1	1	0.009087499534410815	Eif5a
4.704405204954607e-7	-1.8752297694517426	1	0.995	0.009087499534410815	Myl12b
4.814429434378196e-7	1.6496931673859834	0.909	0.266	0.00930003333838836	Vcpkmt
4.839112432935969e-7	1.8874222458204577	0.909	0.261	0.009347713486702412	Epop
4.893939378866845e-7	-3.99458166937483	0.273	0.937	0.009453622698157084	Cdh20
5.112565820836441e-7	1.4220012258350532	0.909	0.217	0.009875943396109753	Dclk1
5.128338104102771e-7	1.9865482563501717	0.909	0.29	0.009906410715695322	Lpp
5.211093238737112e-7	1.030612772020267	1	0.99	0.01006626880926848	Cct3
5.254855095093577e-7	3.435590936539439	1	0.72	0.010150803587192262	Esd
5.345862765491194e-7	-2.053900743517305	0.909	1	0.010326603104099339	Runx1t1
5.377371431711176e-7	1.410236441124518	1	0.879	0.010387468394636478	Baz1a
5.394231858629379e-7	1.5389761939059077	0.909	0.222	0.010420037681314371	St6galnac6
5.414394865460273e-7	1.8204071825764552	1	0.527	0.01045898656160961	Sigmar1
5.442024409842525e-7	1.8045021975674294	1	0.826	0.010512358552492804	Gsr
5.662295287016586e-7	0.7239197875023913	0.273	0.014	0.01093785580592994	6430562O15Rik
5.662295287016586e-7	0.5383118186010591	0.273	0.014	0.01093785580592994	Wnt5a
5.662295287016586e-7	0.5311421018543467	0.273	0.014	0.01093785580592994	Fcgrt
5.662295287016586e-7	0.6216107012314374	0.273	0.014	0.01093785580592994	Usp27x
5.666378115336256e-7	1.035840216345036	0.545	0.072	0.010945742605395046	Smarcd3
5.748551917160815e-7	1.267324292070173	0.818	0.179	0.011104477738379546	Fut10
5.766741612047343e-7	-2.783771722852146	1	0.961	0.011139614771991853	Carmil1
5.770378776221883e-7	-1.6983697577253067	1	0.995	0.01114664068202781	Agap1
5.770378776221883e-7	0.8822008914996196	1	1	0.01114664068202781	Snrpb
5.95829149722671e-7	1.336615501459297	0.909	0.222	0.011509631685192836	Sat1
5.984178025881211e-7	1.7538553602670803	0.909	0.309	0.011559636692594735	Sdc1
6.12792894610634e-7	-3.1852022370821187	0.545	0.957	0.011837320345193617	Bex1
6.226371518092827e-7	-2.3291757919878187	0.909	0.981	0.012027481861499913	Cacna2d3
6.226789753630876e-7	-1.9170110038729486	1	0.981	0.012028289767088763	Tpd52
6.430162382526951e-7	2.1741671327426486	1	0.343	0.012421144674327311	Blvrb
6.468599705428984e-7	-2.321664641465678	0.909	0.995	0.012495394050977169	Homer2
6.530339362101819e-7	0.7262878603497058	0.455	0.048	0.012614656545772084	Slc9a5
6.551081557875054e-7	1.0183626134416779	1	0.995	0.012654724245347242	Dnaja2
6.685115108873621e-7	1.295515633952893	1	0.923	0.012913636855811173	Dnajc2
6.722263263394333e-7	1.140781655647327	0.545	0.077	0.012985395945898833	Cpne2
6.878571633795076e-7	1.3155066440078922	1	0.865	0.013287336825001947	Pbdc1
7.055284731843332e-7	1.3258290980908254	0.545	0.077	0.013628693516501766	Gm26827
7.395940608869329e-7	1.2650996411330575	1	0.923	0.014286738474152882	Snrpa1
7.409854062024567e-7	1.813492272433552	1	0.647	0.014313615091612856	Tmed5
7.433083842087957e-7	-1.7213811241298795	1	1	0.014358488057761307	Celf2
7.446671373129922e-7	1.7715204370280069	1	0.57	0.01438473509147507	Rcc1
7.536247373169478e-7	1.5666514145550992	1	0.686	0.014557769050751481	Tmem97
7.70166953722732e-7	1.3704530186131394	1	0.889	0.014877315045062013	Myl12a
7.793660784427799e-7	1.6154078306214532	0.364	0.034	0.01505501453727918	Cdk6
7.962517299065048e-7	1.3557526590369755	1	0.826	0.015381194666603953	Ddx18
7.968295450800674e-7	1.4594166798025574	1	0.918	0.015392356322311663	Srm
8.016009436019661e-7	0.9893225584687104	1	0.99	0.01548452542755918	Hsp90aa1
8.034417787757715e-7	0.8140041481506324	0.818	0.15	0.015520084840611577	Rad9a
8.172263470479349e-7	1.399025721493695	0.636	0.111	0.015786361345924958	Mafk
8.200778164796448e-7	1.443969726800443	1	0.314	0.015841443180937297	Adgra3
8.219943090895903e-7	1.0770864284440549	1	0.99	0.015878464068683616	Hspa4
8.265124026410518e-7	-3.643795611893568	0.182	0.957	0.015965740081817198	Syt1
8.305269357344549e-7	-4.192148736495849	0.364	0.923	0.016043288817582466	Spint2
8.387212039678237e-7	1.1015508162412935	1	0.923	0.01620157749704645	Denr
8.428930409485419e-7	-1.0445903319653542	1	1	0.016282164872002982	Atp5e
8.653393052719286e-7	-4.704577444208827	0.273	0.908	0.016715759359937844	Id4
8.695254862155541e-7	-4.104538041608037	0	0.879	0.01679662381722586	Dner
8.695318418795391e-7	-4.507755759412525	0	0.879	0.016796746589587058	Rgs7
8.695381975827125e-7	-4.00995399487101	0	0.879	0.016796869362705257	Unc80
8.695381975827125e-7	-3.8236012384123748	0	0.879	0.016796869362705257	Syt4
8.70660446580893e-7	1.415146380089695	1	0.763	0.01681854784660311	Umps
8.858627105789429e-7	1.293213008552351	1	0.966	0.01711220998025344	Bzw1
8.861974828947702e-7	0.940242470491151	1	0.986	0.017118676777078276	Ptges3
8.86223239030048e-7	-0.8340243842626642	1	1	0.017119174308343435	Atpif1
8.93415519584216e-7	1.6383438145049702	0.909	0.28	0.0172581075918083	Chsy1
8.952925871108285e-7	1.9276220980097096	0.818	0.217	0.017294366905219873	Epb41l1
9.078271455264585e-7	0.5687156543146945	0.182	0.005	0.0175364969701346	Twist2
9.078271455264585e-7	0.40837664951785246	0.182	0.005	0.0175364969701346	Adamts14
9.078271455264585e-7	0.5826139438782096	0.182	0.005	0.0175364969701346	Cd300lf
9.078271455264585e-7	0.5097568849394523	0.182	0.005	0.0175364969701346	Cd74
9.078271455264585e-7	0.873214505583034	0.182	0.005	0.0175364969701346	Tnfrsf23
9.0814784727054e-7	1.4845797021801506	1	0.705	0.01754269196572502	Mthfd1
9.086849130941931e-7	0.8280173732240188	1	1	0.017553066466240528	Mtdh
9.198870321430257e-7	-2.8833859746968966	0.727	0.986	0.017769457799906827	9030622O22Rik
9.316672480542318e-7	0.915132426870318	1	0.986	0.017997016230663597	Timm13
9.46123094879325e-7	1.1760238666509382	1	0.903	0.01827625982378392	Ssbp1
9.496639052149424e-7	1.5704908130949948	1	0.541	0.018344657657037043	Slc16a1
9.578019822205178e-7	1.1438220831361474	0.818	0.164	0.01850186089055374	Rhog
9.736522628473545e-7	1.173709645994462	1	0.918	0.018808040761422347	Fam162a
9.761986460700444e-7	1.3690671119067293	1	0.932	0.018857229246135046	Dynll1
9.829822965897743e-7	0.7832708874241514	0.636	0.097	0.01898826902322467	Retsat
9.916686606549991e-7	0.7999168120005704	0.455	0.053	0.019156063517872617	Nfkb2
9.931787927515008e-7	-4.165789482104624	0	0.874	0.01918523473958074	Smpd3
1.0273647680567643e-6	0.6011017822158347	0.182	0.005	0.019845605224552518	Gm15956
1.0273647680567643e-6	0.47945267443506134	0.182	0.005	0.019845605224552518	Sema3b
1.0321944301331876e-6	0.5057890520332831	0.455	0.048	0.019938899806882786	Zbed5
1.0355611416787534e-6	1.098526195477284	0.545	0.077	0.02000393457380848	Col5a1
1.048158094439533e-6	1.6807888616923572	1	0.686	0.02024726991028846	Bms1
1.048179940457372e-6	1.583658303445291	1	0.473	0.020247691909815055	Ino80e
1.0498340462060517e-6	1.7938200648647173	0.636	0.111	0.0202796442705623	Cachd1
1.051975294188585e-6	1.308370742480315	1	0.932	0.020321006757840893	Tpm3
1.0756855476631198e-6	1.270925239690584	1	0.918	0.020779017724208485	Rexo2
1.0819865518962381e-6	-1.8801641853410687	1	1	0.020900734222979632	Stmn1
1.093766983258327e-6	1.1768723917118178	0.727	0.13	0.021128296815601102	Xylb
1.103524279430876e-6	1.4006386500624524	0.909	0.237	0.02131677850576623	Nectin3
1.1211508001875547e-6	1.4368457209811267	1	0.266	0.021657270007222992	Atp6v0a2
1.1334432304324903e-6	-5.232163208718559	0	0.87	0.021894722882264416	Cldn3
1.1619788652968268e-6	0.31117735283472925	0.182	0.005	0.022445945740938802	Gm28818
1.1619788652968268e-6	0.3960659480271116	0.182	0.005	0.022445945740938802	Icos
1.1619788652968268e-6	0.48753394883124157	0.182	0.005	0.022445945740938802	Arhgap30
1.1619788652968268e-6	0.40296826252395546	0.182	0.005	0.022445945740938802	Tmem98
1.1619788652968268e-6	0.5419769816041398	0.182	0.005	0.022445945740938802	Gm47904
1.1619788652968268e-6	0.3944938660948387	0.182	0.005	0.022445945740938802	Ear2
1.1619788652968268e-6	0.4775398435279814	0.182	0.005	0.022445945740938802	Togaram2
1.1619788652968268e-6	0.4858606406605177	0.182	0.005	0.022445945740938802	Ripor3
1.1619788652968268e-6	0.4726936533928976	0.182	0.005	0.022445945740938802	Wt1
1.1619788652968268e-6	0.318296377400193	0.182	0.005	0.022445945740938802	Mgarp
1.1619788652968268e-6	0.307104339482255	0.182	0.005	0.022445945740938802	Ampd1
1.1619788652968268e-6	0.5562203407791411	0.182	0.005	0.022445945740938802	Nr4a3
1.1619788652968268e-6	0.39867427961555446	0.182	0.005	0.022445945740938802	Cyp26b1
1.1619788652968268e-6	0.444325326259297	0.182	0.005	0.022445945740938802	Clec4a3
1.1619788652968268e-6	0.30142219234387513	0.182	0.005	0.022445945740938802	P2ry2
1.1619788652968268e-6	0.3576704228102905	0.182	0.005	0.022445945740938802	Zglp1
1.165627553286465e-6	-1.4584748451495333	1	1	0.022516427446834644	Calm1
1.1668274895577319e-6	1.5847902045164601	1	0.623	0.022539606615786707	Galk1
1.1827163387751945e-6	0.7322095637468782	0.545	0.072	0.02284653151612043	Fscn1
1.1872618771970372e-6	1.0894153481649902	0.818	0.164	0.022934337681815166	Efcab8
1.1934045183219612e-6	-5.006179822298165	0.091	0.879	0.023052995080425326	Nnat
1.1966466115956565e-6	-3.1130102275843172	0.273	0.908	0.0231156225961933	Lrp11
1.2152517071788011e-6	1.4042771147235924	0.818	0.203	0.023475017227572902	Gpm6b
1.2233834132738429e-6	-3.9544224650104294	0.091	0.879	0.02363209739421082	Stmn3
1.23503426954637e-6	1.0268442814201038	0.364	0.034	0.02385715698482723	Rgma
1.2554716458047461e-6	-1.2058024545282608	1	1	0.02425194578201028	Rtraf
1.2554716458047461e-6	0.9321475751200543	1	1	0.02425194578201028	Cct8
1.292361016478436e-6	-3.918049521130736	0	0.865	0.024964537755313945	Unc79
1.2923701865764931e-6	-5.700673713091065	0	0.865	0.024964714894098117	Fam155a
1.2978055555024161e-6	1.2398731125231834	1	0.884	0.025069709915640174	Kpnb1
1.3190295365269807e-6	-1.425158172086378	1	0.995	0.025479693557091686	Atp6v0b
1.340645795930059e-6	1.574029840563848	1	0.783	0.02589725483998095	Polr2h
1.349242114343572e-6	1.1852157397504641	1	0.942	0.02606330992277478	Phf5a
1.3519199566374259e-6	0.8608431615886638	1	0.986	0.026115037802365154	Hnrnpf
1.3688538021171369e-6	1.5324666081122502	0.636	0.121	0.026442148895496734	Fjx1
1.3782919771524175e-6	-3.7876464881978444	0.091	0.874	0.026624466122653248	Dnajc6
1.406606242042438e-6	1.2039696173185117	0.364	0.034	0.027171412777533776	Irgm1
1.486165109396302e-6	1.4957262475780895	1	0.43	0.028708251418208364	Bcat1
1.5286031421155849e-6	1.0278533170709987	1	0.976	0.029528026896246753	Nasp
1.5327784919796086e-6	1.444826639214662	1	0.696	0.0296086821295701	Cnn3
1.5657537760766168e-6	1.1611769247328758	1	0.831	0.030245665692472008	Psmc1
1.6159806818855907e-6	1.4015835549131233	1	0.715	0.031215898831983956	Eftud2
1.6390259607658036e-6	-3.6180341600386616	0.636	0.947	0.03166106448411303	Cdh13
1.6758008991346146e-6	-5.137813566734066	0	0.855	0.03237144596858335	Grm5
1.6758125563429494e-6	-6.757794734057747	0	0.855	0.03237167115087675	Epcam
1.6758125563429494e-6	-3.650743612594724	0	0.855	0.03237167115087675	Crmp1
1.686115300476583e-6	-1.4497439718590546	1	1	0.03257068925930615	Aopep
1.686115300476583e-6	-1.2321481842461117	1	1	0.03257068925930615	Foxp1
1.7277587367595e-6	-1.9377954771027128	0.818	0.995	0.03337511551798326	Grcc10
1.7351596456094419e-6	1.2957928446783815	1	0.874	0.03351807887423759	Dst
1.7369061381203764e-6	0.5239161641117223	0.545	0.072	0.03355181587007131	Hopx
1.805726941673369e-6	-3.0088691102372	0.818	0.932	0.03488122733230447	Btg2
1.8065968471538867e-6	0.6626057745024481	0.455	0.053	0.03489803129647163	Il11ra1
1.8096511323026345e-6	1.1497364397932466	1	0.937	0.03495703092268999	Eif5b
1.8141802192004186e-6	-1.56967408251725	1	0.995	0.03504451929429449	Mpc2
1.8210346598207178e-6	0.8701737313157443	0.364	0.034	0.035176926523756806	Cavin1
1.8471068722577833e-6	1.4330478259409507	1	0.609	0.0356805634514036	Nudt19
1.9058004046668741e-6	-4.417245804092434	0	0.85	0.03681434641695001	Xkr4
1.9171891901767267e-6	1.2781997915813224	1	0.879	0.03703434358664383	Dph3
1.9287225692345937e-6	1.3947206041036182	1	0.623	0.037257133869904646	Bop1
1.9416878133876854e-6	0.8772572034852626	0.364	0.034	0.03750758349120992	Foxd2os
1.9416878133876854e-6	0.7074433382094734	0.364	0.034	0.03750758349120992	2200002D01Rik
1.9425246068001625e-6	1.2128309174068532	1	0.923	0.03752374782955874	Gtpbp4
1.9463159465122312e-6	1.689413300461315	1	0.527	0.037596985138776774	Odc1
1.9633406190651673e-6	1.3839565189191552	0.727	0.164	0.037925850738481835	Fstl1
1.9994040854269094e-6	-2.706149185313169	1	0.981	0.03862248871819161	Tmem158
2.0042260008516663e-6	2.2387991978562383	0.818	0.227	0.03871563365845164	Ltbp1
2.0117892393754643e-6	0.7417367597456241	0.455	0.053	0.03886173273701584	Gm13889
2.0127050776069642e-6	-2.8499950657083906	0.364	0.913	0.03887942398413373	0610040J01Rik
2.070000882512831e-6	0.7917942739342596	0.364	0.034	0.03998620704750036	St3gal1
2.0704209238922e-6	1.2876085702298132	1	0.816	0.03999432098682563	Ruvbl1
2.0915352661344627e-6	1.8399028710834306	0.909	0.377	0.040402186735919415	Aldh2
2.0965650443961973e-6	1.0991855444539667	1	0.952	0.040499346962601344	Dcun1d5
2.099898476718338e-6	1.3215233589422677	1	0.43	0.040563738874768135	Gusb
2.138063860157192e-6	1.2106054865731966	0.818	0.184	0.04130097958665648	Trib2
2.1654530859056673e-6	-3.566174736675769	0	0.845	0.04183005726043978	Rundc3a
2.1654678526420752e-6	-5.510707959512487	0	0.845	0.041830342509486966	A230057D06Rik
2.1673532872905186e-6	1.1191340281265771	1	0.841	0.04186676345059095	P4hb
2.2205095597656693e-6	-3.776024047042891	0.182	0.87	0.04289358316599343	Frmd5
2.2543913080466857e-6	0.9722314971438759	1	0.952	0.04354807689753783	Ak2
2.2569166981782053e-6	-1.3415022680794437	1	0.995	0.04359685985870839	Atp6v1f
2.2699534694436292e-6	-3.2663990288595492	0.091	0.86	0.04384869116924259	Shtn1
2.2714427500687154e-6	1.436840554432803	1	0.671	0.04387745960307737	Pdha1
2.283570618810012e-6	1.4163398105602452	1	0.565	0.044111733643553	Fasn
2.297039485062276e-6	1.1086623283474957	1	0.913	0.04437191173294799	Ostc
2.362079656223874e-6	0.719745806149759	0.455	0.053	0.04562829271927657	Kif7
2.3684995376825715e-6	-1.733930879271664	1	0.99	0.04575230556941423	Eid1
2.389815393448422e-6	1.5826463279500627	1	0.406	0.04616406395524317	Mcm10
2.4436210902776395e-6	1.6655873101997771	1	0.338	0.04720342860089316	Ier5
2.4543194129920133e-6	-1.8297760923797421	0.909	0.966	0.04741008810076672	Chd6
2.4602908578651867e-6	1.4026232208552831	1	0.314	0.047525438501381814	Prkci
2.496625758129768e-6	-3.0690394483255594	0.455	0.903	0.04822731976979273	Klf12
2.5056685324181605e-6	0.6444705251664855	0.364	0.034	0.04840199904072161	Boc
