p_val	avg_log2FC	pct.1	pct.2	p_val_adj	Gene
1.0880357503735586e-34	3.5138425568224076	0.949	0.084	2.101758658996603e-30	Fez1
5.002323414831304e-32	3.8070988775389596	0.974	0.14	9.662988140429629e-28	Ttc9b
2.353026871048016e-30	2.969345307119846	0.718	0.017	4.5453420068034527e-26	Miat
3.058289033204624e-28	3.8205195856538867	0.769	0.045	5.907696925441372e-24	Grm7
4.9657114540095755e-28	3.0418154170177054	0.821	0.073	9.592264815710297e-24	Tub
1.3583337492728284e-27	4.105788011885293	1	0.223	2.6238933034703227e-23	Rbfox1
2.5692028644839746e-27	3.196641816000396	0.795	0.061	4.962929173323694e-23	Clmp
3.445182784789862e-26	2.9440704088131473	0.718	0.039	6.655059585378577e-22	Dbn1
8.396848103270179e-26	3.219686451439087	0.923	0.156	1.6220191481087004e-21	Rtn1
1.0509519317438186e-25	3.7909321682122883	0.821	0.084	2.0301238465495342e-21	Sox11
8.055545419540303e-25	2.794711742150307	0.821	0.089	1.5560897086926004e-20	Spock1
1.153951005959104e-24	3.076606148780201	0.974	0.257	2.2290871582112013e-20	Zeb1
3.307704036374525e-24	3.409055445716838	0.821	0.112	6.389491887064669e-20	Dock10
5.5943903260461424e-24	2.788384554373057	0.897	0.19	1.0806683792823334e-19	Tagln3
6.083154819323157e-24	4.139215598505964	0.897	0.179	1.1750830164486544e-19	Sox6
8.124107640130202e-24	3.136048774522881	0.821	0.117	1.5693338728439512e-19	Gria2
5.330788943663058e-23	2.490175466500138	0.744	0.067	1.029748500247393e-18	Tafa5
5.552065872341545e-23	2.473182566624745	0.564	0.011	1.0724925645602163e-18	5330434G04Rik
2.1330712511468384e-22	3.1593249257802576	0.487	0	4.120453735840348e-18	Erbb4
2.139256911612425e-22	2.5178377033826056	0.897	0.162	4.132402576161721e-18	Vat1l
2.3955314626221704e-22	2.2249835029137435	0.59	0.022	4.627448126347247e-18	Cnksr2
3.4229562096755915e-22	2.352543157643116	0.513	0.006	6.61212451023034e-18	Sgip1
1.4404631157230136e-21	2.8227450923586335	0.564	0.022	2.7825426006421457e-17	Stmn4
1.5184995416145427e-21	2.3754038088049207	1	0.816	2.933285564536812e-17	Ank2
2.7737443025414102e-21	2.761715499192393	0.872	0.179	5.358041869219242e-17	Zcchc12
3.2889329229665655e-21	2.858525254615303	0.462	0	6.353231727294514e-17	Slc44a5
3.878375129408133e-21	3.6957934852514844	0.513	0.011	7.49185723747769e-17	Grik2
1.012607060634145e-20	-5.162626158426114	0.231	0.972	1.956053059026978e-16	Ifitm3
1.1830143385414085e-20	-3.085205192194999	0.897	1	2.285228797760439e-16	Cd9
1.4052952937317468e-20	3.096789057906248	0.744	0.106	2.7146089189016153e-16	Pdzrn4
2.161561933732326e-20	-6.722170604201727	0.103	0.95	4.175489187390734e-16	Krt8
4.467230085563781e-20	3.3728230515696898	0.821	0.156	8.629348356283556e-16	Myt1l
5.1112616951991397e-20	2.958962818087723	0.487	0.011	9.87342421661618e-16	Mgat4c
7.027826116978109e-20	-4.8079916621073515	0.103	0.939	1.3575651710166612e-15	Vwf
1.0231377871749338e-19	-5.867093133946273	0.103	0.933	1.9763952634858197e-15	Krt18
1.1032047694080528e-19	-5.47966864258677	0	0.922	2.1310606530655354e-15	Cldn7
1.1106135180854194e-19	-4.706228431874093	0.051	0.927	2.1453721328856047e-15	Cdh1
1.273646922708139e-19	-5.431557405508881	0.231	0.939	2.4603037605953118e-15	Epcam
1.6529451387094481e-19	2.9063192515302902	0.795	0.134	3.192994124445041e-15	Dclk1
2.728205666888436e-19	2.103934864359639	0.538	0.028	5.270074886728392e-15	Fbll1
2.810441316744427e-19	-4.685484903267186	0	0.911	5.42892949155521e-15	Rab25
2.961829741624951e-19	3.340053123086574	0.821	0.168	5.721366511896918e-15	Nkain3
2.986383382047739e-19	2.088617470638156	0.538	0.028	5.7687967791016176e-15	Plppr5
3.1677999051941197e-19	2.397369257168066	0.974	0.363	6.119239076863481e-15	Rbms3
3.574367700937664e-19	-4.338265662993029	0.026	0.911	6.904606087901286e-15	Mapk13
4.1950936427210593e-19	-4.40908050348459	0.179	0.927	8.10366238964427e-15	Mctp2
4.798943246617602e-19	2.0574644820504737	0.641	0.061	9.270118669491221e-15	Astn1
5.681492506650234e-19	-3.3963022444939166	0.615	0.978	1.0974939075096258e-14	Cdc14b
7.057397857346077e-19	-4.555863600871108	0.154	0.916	1.3632775441035418e-14	Espn
7.060079126854391e-19	-4.834986275879397	0	0.899	1.3637954849344628e-14	Tspan1
7.295352963382655e-19	1.9693099372440177	0.41	0	1.4092433319366275e-14	Adgrb2
7.870766462309537e-19	-2.8226113020821133	0.487	0.978	1.5203959575243334e-14	Msrb1
8.888463245400954e-19	2.6078794997787385	0.641	0.073	1.7169844451141023e-14	Dgki
1.1255835828830384e-18	-3.598379866731843	0.308	0.939	2.174289807055165e-14	Cldn3
1.140283964393127e-18	2.1742531076227873	0.59	0.045	2.2026865340182036e-14	Tro
1.1540665196862895e-18	-2.840141248533485	0.59	0.961	2.2293102960780056e-14	Spint2
1.1886107554690578e-18	-2.708671279822525	0.436	0.978	2.296039396339579e-14	Cyb5a
1.235871504062605e-18	2.5992791753895736	0.564	0.045	2.387332984397734e-14	Gfra1
1.4201901871196079e-18	2.1325611719409805	0.564	0.039	2.7433813844589464e-14	Gabra5
1.6685246322239286e-18	1.8075392294441284	1	0.955	3.2230890320669626e-14	Tuba1a
1.9010131450727295e-18	-3.393948551634356	0.667	0.944	3.672187092336992e-14	Krt7
2.4197275265196416e-18	-2.099010814923375	0.667	0.983	4.674187662977992e-14	Tmem238
9.598672818179999e-18	1.7821331195985994	1	0.966	1.8541756282878303e-13	Tmsb4x
1.0503868027981867e-17	1.798586691906207	0.385	0	2.0290321869652572e-13	Ppp1r1a
1.1609268185757803e-17	1.7512607234243713	0.59	0.05	2.242562335442835e-13	Cacng4
1.2760399773876626e-17	-3.3109428440553703	0.231	0.899	2.464926424319748e-13	Atp8b1
1.3143069077912465e-17	2.4754404353721506	0.974	0.413	2.538846653780351e-13	Foxp2
1.4188397539899717e-17	2.21854586300969	0.821	0.145	2.7407727527824285e-13	D430041D05Rik
1.6211139501771048e-17	1.8205092559330447	1	0.793	3.1315058175571135e-13	B3galt1
2.208959453224101e-17	2.267933329439689	0.974	0.408	4.267046975792996e-13	Tubb3
2.448990703665938e-17	-4.478603679029082	0	0.855	4.730715342271492e-13	Gpx2
2.4872052312197784e-17	1.9626812461248586	0.744	0.117	4.804534345147246e-13	Jam3
2.7740250318531763e-17	-3.489061608005663	0.231	0.899	5.358584154030781e-13	Anxa4
5.038497327077854e-17	-2.4115362080733487	0.923	0.955	9.73286528671629e-13	Limch1
7.288882914145637e-17	2.6753044543333537	0.795	0.184	1.4079935125255127e-12	Anks1b
9.830652241164722e-17	1.0138306447030012	1	0.994	1.8989870934257895e-12	Nfib
1.1428824649296854e-16	1.94749920791997	0.513	0.039	2.2077060575046735e-12	4930578M01Rik
1.2109188463093802e-16	1.7559402449260557	1	0.687	2.33913193541583e-12	Kif5c
1.4795321124733957e-16	2.3729338889053566	0.359	0	2.8580121816648586e-12	Rbfox3
1.921030251394282e-16	2.4118399578473992	0.872	0.313	3.7108541366183346e-12	Pou2f2
2.314439978029383e-16	-1.6575558605712255	0.974	0.994	4.470803705559359e-12	Cystm1
3.037663547162246e-16	-4.4432410045464055	0	0.821	5.867854674053311e-12	Cnpy1
3.052687049467365e-16	-3.736944768958889	0.026	0.827	5.896875573456109e-12	Sult2b1
3.525647206781502e-16	2.117913257685517	0.897	0.33	6.8104927093398275e-12	Nsg1
4.0286228793722703e-16	2.2995874932346725	0.744	0.184	7.782090816083415e-12	Tcaf1
4.2819068765422047e-16	-1.521484294146564	1	1	8.271359513416576e-12	Arpc5l
4.580307296973155e-16	2.203981368808804	0.615	0.084	8.847779605563043e-12	Phactr3
5.180485100647945e-16	1.7301413102353407	0.974	0.855	1.0007143068921637e-11	Sox4
7.086697208814262e-16	2.5953936423118704	0.564	0.061	1.368937299826651e-11	Slc35f1
7.741461164767935e-16	1.9908385533302282	1	0.654	1.495418053198222e-11	Auts2
8.488820990926372e-16	-2.255451811277087	0.538	0.933	1.6397855508172473e-11	Mpzl1
8.513356130253921e-16	1.9806388818980876	1	0.408	1.64452500368115e-11	Gpc6
1.0111551440906192e-15	2.341097883700059	0.923	0.374	1.9532483918398492e-11	Mapk10
1.0233940519604372e-15	-3.884448676014439	0	0.804	1.9768902901719767e-11	Dsp
1.6147193058606191e-15	-1.36015486721012	0.949	0.989	3.119153283130958e-11	H2afj
1.626272228449092e-15	2.1710886537600707	0.692	0.117	3.141470063695111e-11	Ndn
1.6282125651502175e-15	2.432376233949916	0.795	0.196	3.145218212100675e-11	Fras1
1.6494488644309059e-15	1.2099052410327775	1	0.955	3.186240371421181e-11	Tcf4
1.6565529052667949e-15	2.4153979107412953	0.897	0.352	3.199963247103868e-11	Ppfia2
1.9011397868032635e-15	1.9830943734408317	0.846	0.291	3.672431726167864e-11	Mex3a
2.305096108748096e-15	3.3070198079252813	0.385	0.011	4.452754153268697e-11	Dpp10
3.2023253111181667e-15	-3.437118416259609	0.051	0.804	6.185931803486963e-11	Tmem184a
3.3860810124210214e-15	3.2618514972105888	0.462	0.034	6.540892691693687e-11	Dpysl3
3.563573403031382e-15	-1.9373368925911727	0.718	0.983	6.88375474263572e-11	Kcnk1
4.339051011141623e-15	-3.2541824772037673	0.051	0.799	8.381744838222273e-11	Col18a1
4.463929183210957e-15	1.5171019905305485	1	0.804	8.622972003208605e-11	Stmn3
4.9731055655942506e-15	-3.821687801106611	0.051	0.799	9.606548021058414e-11	Etl4
5.068266797273871e-15	1.4163025978253743	1	0.95	9.790370972293936e-11	Map1b
5.526492986348588e-15	2.364820772853193	0.59	0.078	1.0675526501729568e-10	Gli3
9.446979366672744e-15	1.8727783163095268	0.641	0.106	1.824873004260174e-10	Hrk
9.598310282667926e-15	-3.247957937626699	0.231	0.86	1.854105597302963e-10	Dapk2
1.4408608779194295e-14	-3.309596035239897	0.282	0.86	2.783310957876962e-10	Enpep
1.7512431519567553e-14	2.2648522446339365	0.41	0.022	3.3828763966348644e-10	Nell2
1.7635482146790676e-14	1.7181968450726635	1	0.721	3.406646086295555e-10	Pcsk1n
1.7650385580469788e-14	2.0805627798882247	0.462	0.039	3.409524982579349e-10	Slit1
1.8723879632017154e-14	1.964408652769678	1	0.592	3.6168918285167537e-10	Kcnh7
1.894459750488748e-14	2.23109598086373	0.949	0.503	3.6595279000191144e-10	Klhl13
2.2686544873089004e-14	-3.3398226286744994	0	0.76	4.3823598731346027e-10	St14
2.562129973437599e-14	2.1272478950797598	0.564	0.073	4.94926646968941e-10	Lin7a
2.7544292211402753e-14	2.0281579477248224	0.308	0	5.32073092647667e-10	Dcx
2.8366320949441327e-14	1.7418537623866004	0.564	0.073	5.479522217803581e-10	Atp1a3
2.84840950508285e-14	-1.999375131027911	0.923	0.994	5.502272640968541e-10	Tmem158
2.9701987402705254e-14	-2.9018472284867065	0.667	0.922	5.737532906580574e-10	Id4
3.208895394105095e-14	-1.3470435747580605	1	0.989	6.198623232792813e-10	Reep5
3.295278331715094e-14	-4.360428321221279	0	0.754	6.365489153374048e-10	Skap1
3.3521472713693024e-14	1.729463794255135	0.949	0.391	6.475342884104082e-10	Sobp
3.377452200800883e-14	1.5953465112506182	0.59	0.078	6.524224416287065e-10	Fhl1
3.7185988174805095e-14	-2.3253866209200513	0.385	0.899	7.1832173357271e-10	Tst
3.883997622165265e-14	-3.577874494168479	0.026	0.76	7.502718206736641e-10	Esrp1
4.268766645657093e-14	2.0813081317567614	0.897	0.346	8.245976529415806e-10	Ppm1e
4.44698910128862e-14	1.7102931659672282	1	0.749	8.590248846959228e-10	Syt11
5.049055152924136e-14	1.9440531429499912	0.846	0.274	9.753259838903554e-10	Zeb2
5.090281295285974e-14	1.617107076345225	0.333	0.006	9.832896378103916e-10	Gpr179
5.184838102789334e-14	2.36765662560503	0.923	0.57	1.0015551763158158e-9	Neto2
5.983982213778027e-14	1.8526591939396964	0.615	0.106	1.1559258442355014e-9	Fndc4
6.3195977569863e-14	-3.4039696632312735	0.051	0.765	1.2207566987170437e-9	Spint1
6.81744852661185e-14	-3.128748457002213	0.231	0.821	1.3169265318856111e-9	Upp1
6.889178359956357e-14	-3.359952169302676	0	0.743	1.3307825837927695e-9	Cited4
7.415687890914999e-14	2.4370238148476755	0.872	0.313	1.4324884298880503e-9	Pcdh7
8.385382122421519e-14	1.596258171687934	0.462	0.039	1.6198042645881648e-9	Asphd2
8.689872843424247e-14	2.01551901191729	0.846	0.279	1.6786227371642618e-9	Nfix
8.908996500379783e-14	1.907739013209053	0.974	0.609	1.7209508539783628e-9	Greb1l
9.292331099595537e-14	2.55602717729881	0.487	0.05	1.7949995985088698e-9	Epha5
1.1057146795687088e-13	2.5356536715802065	0.795	0.285	2.1359090465228748e-9	Syn3
1.2403945320752937e-13	-3.0290074777698845	0.103	0.782	2.3960701176098448e-9	Ret
1.2666755855540483e-13	-3.3996231217079242	0.026	0.743	2.446837228614755e-9	Cib3
1.3167694247173906e-13	-2.8484217964979504	0.179	0.81	2.5436034977265835e-9	Ocln
1.4362541962544923e-13	1.5682812893645186	0.436	0.034	2.7744122309048028e-9	Shc2
1.446885494301267e-13	-2.0481370226788536	0.436	0.916	2.7949487093417574e-9	Lima1
1.522838758312824e-13	2.2213947776344485	0.769	0.212	2.9416676294328823e-9	Negr1
1.6819437163430038e-13	1.8372166375350827	0.436	0.034	3.2490106768597803e-9	Ptpro
1.9961516621330777e-13	-2.4282580282325217	0.256	0.855	3.855966165742466e-9	Patj
2.0359844986493858e-13	-3.1295785879648665	0	0.726	3.9329112560410185e-9	F11r
2.0768959301096402e-13	-3.570559971459915	0.154	0.793	4.011939868192792e-9	Nr3c2
2.126454301754902e-13	-2.783008884275326	0.154	0.782	4.107671774699945e-9	Lsr
2.172693943850504e-13	1.586224722494416	0.974	0.514	4.196992891336018e-9	Pkia
2.348051254871827e-13	1.9493018106912177	0.59	0.101	4.535730609035909e-9	Sacs
2.568852667941815e-13	-2.60326526304618	0.154	0.793	4.962252698663204e-9	Vamp8
2.677607918241846e-13	1.4014136402800417	1	0.95	5.1723352156677745e-9	Sfta3-ps
2.8189138431662234e-13	4.402326642242439	0.564	0.101	5.445295870844194e-9	Nrxn3
2.97097716723452e-13	1.6769931690300761	0.385	0.022	5.7390365939469225e-9	Lingo1
3.0369832629392086e-13	1.7672418886623955	0.897	0.475	5.8665405690196695e-9	Dennd5a
3.271368054534636e-13	1.1562080016922998	1	0.849	6.319301670944557e-9	Csnk1e
3.324959751312249e-13	-2.4363185371329292	0.359	0.855	6.4228247516098715e-9	Rap1gap2
3.588663249243837e-13	-1.1424583976166214	0.897	1	6.93222079856432e-9	Ifitm2
3.6479843679018263e-13	1.450173871210928	0.41	0.028	7.046811403475958e-9	Plppr3
4.793383803521212e-13	0.9760833164628526	1	0.972	9.259379493261926e-9	Ttc3
4.830772078020203e-13	1.6801751298426142	0.897	0.486	9.331602423111628e-9	Chn1
5.198973511079761e-13	1.9693870077881859	0.667	0.14	1.0042857131352776e-8	Gpm6b
5.356920399853599e-13	-2.087309016303986	0.359	0.883	1.0347963136397197e-8	Rap1gap
5.40431586144038e-13	1.5931364570247872	0.333	0.011	1.0439516949544381e-8	Mdga1
6.212486546939314e-13	1.1480348684569028	1	0.916	1.2000660262722674e-8	Marcks
6.224508523449719e-13	2.2347764678218516	0.41	0.034	1.2023883114747823e-8	Ano4
6.384662719028745e-13	1.8603355433796374	0.667	0.151	1.2333252974347827e-8	Armcx4
6.816102989543452e-13	1.6920174401624892	0.949	0.587	1.3166666144901087e-8	Gm1673
6.983778352963708e-13	-3.3359262016105387	0.154	0.765	1.3490564644419994e-8	Galnt14
7.171700448594554e-13	-1.9303487493723361	0.744	0.972	1.38535737565501e-8	Cdh13
8.285125648422207e-13	-3.077238490006644	0	0.704	1.600437721505718e-8	Bspry
8.435743271937352e-13	1.0590919986507417	0.308	0.006	1.6295325278401382e-8	Ccdc172
1.038698944229658e-12	-1.5250279238593802	0.949	0.939	2.0064547505684303e-8	Ascl1
1.049361629987099e-12	2.062465019899352	0.692	0.168	2.0270518606460792e-8	Pak3
1.0925881548242664e-12	1.406189333699297	0.974	0.788	2.1105525386740356e-8	Ncam1
1.1144565863337058e-12	1.9846253589147769	0.872	0.385	2.1527957878208196e-8	Pak7
1.1378268161444126e-12	1.6748719570524446	0.821	0.296	2.197940060746162e-8	Gucy1b1
1.1682378985678566e-12	-3.2789618416240396	0	0.698	2.2566851486635286e-8	Ap1m2
1.2864140845295043e-12	1.4576938558474026	0.974	0.765	2.4849660870856432e-8	Elavl3
1.346628775331952e-12	-2.781488442152632	0.154	0.771	2.6012828053087318e-8	Hsbp1l1
1.4158004857353941e-12	1.5187041832722719	1	0.581	2.7349017982950608e-8	Trim35
1.4257426553820608e-12	1.547842676159802	0.923	0.436	2.754107087401527e-8	1500004A13Rik
1.5145549334946536e-12	2.1721552909093558	0.564	0.084	2.9256657650316224e-8	Gpc3
1.6406695732918923e-12	2.5837503445075742	0.564	0.101	3.1692814147279486e-8	Slit2
1.7620369543776192e-12	-2.436559947983225	0.564	0.888	3.403726784771247e-8	Cdc14a
1.8703090122633243e-12	1.5168449317104205	0.436	0.045	3.612875918989064e-8	Lrrc4b
1.887153500040597e-12	-2.882019487869509	0.256	0.788	3.645414416028421e-8	Zfp618
2.156075163167691e-12	-2.7294729034871086	0.103	0.737	4.164890392691029e-8	Myh14
2.771540478986212e-12	-2.7304716743251176	0.026	0.726	5.3537847432576656e-8	Galnt3
2.80925965050881e-12	1.861192457195818	0.692	0.201	5.4266468668878686e-8	Soga1
2.8297601387706895e-12	1.2303404754410887	0.949	0.497	5.466247660063341e-8	Cald1
3.191794462893779e-12	1.4166124629963484	1	0.737	6.165589363971913e-8	Ptn
3.2987158573588265e-12	2.539532364264003	0.359	0.022	6.372129421660045e-8	Ppp2r2b
3.704330617302683e-12	-1.0827849441534119	1	0.994	7.155655453443592e-8	Mpc2
3.7613865694145066e-12	1.7957551800409948	0.744	0.263	7.265870436138003e-8	Rnf165
3.86456388772857e-12	1.7202755270097194	1	0.709	7.465178061925279e-8	Cadm2
3.918703602493393e-12	2.895743985980506	0.333	0.017	7.569759748936487e-8	Asic2
4.283769541303955e-12	2.7278116212726324	0.538	0.089	8.27495762293685e-8	Opcml
4.461177592305416e-12	1.6646433136917809	0.769	0.235	8.617656755056372e-8	Cplx1
4.731700857830943e-12	0.9684448968266048	0.256	0	9.140226547072032e-8	Gm15691
4.731700857830943e-12	1.0101033590970125	0.256	0	9.140226547072032e-8	Slitrk1
5.49713922944933e-12	1.9894445101657716	0.487	0.067	1.0618823849527271e-7	Gria3
5.535095659363057e-12	1.7071420074973076	0.872	0.385	1.0692144285191618e-7	Sh3bgrl
5.750927035757195e-12	1.6016570456515917	1	0.665	1.1109065754972175e-7	Dpp6
6.518385524238413e-12	-1.9080404560969288	0.59	0.911	1.2591565317171342e-7	Atp1b1
6.87328077986066e-12	-2.804343643795213	0.051	0.732	1.3277116482456837e-7	Elf3
7.131145172302778e-12	1.954304548801448	0.897	0.486	1.3775233129337276e-7	Mllt11
8.215263070796027e-12	1.46486095693823	0.333	0.017	1.5869423673856687e-7	Bcl11b
8.456195581830398e-12	0.8972600558010886	1	0.95	1.633483300542178e-7	Cenpv
8.830882940111629e-12	-2.32003297742695	0.41	0.855	1.7058616575413634e-7	Pcsk1
8.933620538412784e-12	1.2852570058603363	0.949	0.536	1.7257074794051976e-7	Gpr27
9.351090807292802e-12	1.3476838513318001	0.333	0.017	1.8063502112447506e-7	Nsg2
9.630156341502042e-12	1.1639806310699616	0.282	0.006	1.8602573004879495e-7	Apc2
9.709237045218567e-12	1.0199608140135887	1	0.989	1.8755333200248705e-7	Tubb5
9.709237045218567e-12	0.8744431572480287	1	0.989	1.8755333200248705e-7	Fabp5
9.76284725813976e-12	1.5605379285578487	0.333	0.017	1.8858892048548574e-7	Slc24a2
9.79283901440328e-12	1.695726686483549	0.564	0.106	1.8916827124122817e-7	Pwwp3b
1.0911435518471173e-11	1.4586753798166474	1	1	2.1077619991030765e-7	Cacna2d1
1.2023538920690257e-11	-0.9877518506005274	1	0.994	2.322587013309737e-7	Atp6v0b
1.2362907650191437e-11	-2.9477977889489377	0.026	0.676	2.38814287078748e-7	Tmc4
1.3368816191116463e-11	1.639763231118259	0.667	0.162	2.582454223637967e-7	Lrch2
1.3489049530502068e-11	-3.1273142066168322	0.128	0.721	2.605679697807084e-7	Kcnh8
1.506160486843531e-11	1.9413208577668921	0.821	0.346	2.909450212435649e-7	Kcnj6
1.5895131354663554e-11	1.4465305485042916	1	0.81	3.070462523780359e-7	Ckb
1.6699547779696508e-11	-2.1384145653982323	0.513	0.877	3.2258516446039747e-7	Shroom3
1.700615876060199e-11	1.4721673143798992	0.744	0.201	3.285079687785486e-7	Ptprn
1.842876978811914e-11	-2.3042639708579746	0.333	0.816	3.559885459970974e-7	Map3k15
1.8599908961799757e-11	1.5221163944005207	1	0.687	3.592944414150859e-7	Adgrb3
1.881365916906533e-11	-2.0432462930548017	0.821	0.899	3.6342345416883494e-7	Pclo
1.9662562276041886e-11	-2.7567741212672305	0.128	0.726	3.798217154863011e-7	Stard10
2.2685433771096644e-11	-3.407799165940173	0	0.648	4.382145241562739e-7	Smoc2
2.5662840798853386e-11	1.5544389853547234	0.59	0.117	4.957290957114509e-7	Ttbk1
2.5662840798853386e-11	1.2984797082713833	0.59	0.117	4.957290957114509e-7	Arnt2
2.748343581464989e-11	-0.8750919638411627	1	1	5.308975296315919e-7	Uqcr10
2.8458921839300578e-11	2.279300589330389	0.923	0.48	5.497409931697693e-7	Cntnap2
3.111315341336946e-11	-2.8004066160357337	0	0.642	6.010127844860579e-7	Mal2
3.222265545167188e-11	1.3314073791903842	0.462	0.067	6.224450353599458e-7	Ak5
3.318194364651548e-11	-1.8311028229151112	0.513	0.866	6.409756054197396e-7	Ffar4
3.6120085850638587e-11	-3.127621561635398	0.051	0.67	6.977316983767856e-7	Slc12a8
3.664246199264694e-11	-1.8145280230372023	0.513	0.877	7.07822438311961e-7	Slco3a1
3.767837589852547e-11	1.3190014112894655	0.974	0.832	7.278331872318164e-7	Elavl4
3.935024357712447e-11	1.3973521475172366	0.949	0.754	7.601286551793134e-7	Rasal2
4.255839508670069e-11	-3.140326063649367	0	0.637	8.221005178897972e-7	Cldn6
4.3175973930634445e-11	1.3863437220717925	0.974	0.497	8.340302884180655e-7	Mdga2
4.355048162250725e-11	-1.8467285814663272	0.41	0.849	8.412646535019726e-7	Adi1
5.533783881649257e-11	0.9086075032247534	1	0.978	1.068961032418187e-6	Efna5
5.600177731615569e-11	-1.60168125990972	0.718	0.933	1.0817863324161796e-6	Ctsz
6.030563954976957e-11	1.1127081405980577	0.231	0	1.1649240391828989e-6	Cnr1
6.030563954976957e-11	0.9104252232303307	0.231	0	1.1649240391828989e-6	Tmem35a
6.189646872394589e-11	1.5453148071122416	0.872	0.48	1.1956540863404627e-6	Vstm2a
6.607555165222991e-11	-2.133764883333141	0.308	0.827	1.2763814312661253e-6	Rgs17
7.533153394468053e-11	-2.406816678618658	0.231	0.788	1.4551792412093938e-6	Scn9a
7.746350407679601e-11	-1.9942996058018934	0.564	0.911	1.4963625082514685e-6	Thsd4
9.307704371457894e-11	1.290187926285802	0.256	0.006	1.7979692534345215e-6	March11
9.344518939939311e-11	1.265975986244834	0.949	0.626	1.8050807236280768e-6	C530008M17Rik
9.376617898398995e-11	1.4595006251476392	0.41	0.05	1.8112812794337337e-6	Tubb4a
9.591086598162406e-11	1.7898739193492752	0.718	0.268	1.852710198167032e-6	Lgr5
9.603481345631925e-11	2.2963488670238776	0.41	0.056	1.8551044915357188e-6	Pde4b
9.718909737739312e-11	1.5701560349193626	0.282	0.011	1.8774017940391028e-6	Cdh9
1.0002719780215859e-10	2.397657469185177	0.667	0.196	1.9322253799442975e-6	Ralyl
1.0332145767600115e-10	-1.606200516994449	0.923	0.983	1.9958605979273142e-6	9030622O22Rik
1.0332145767600115e-10	-1.11814587385841	0.923	0.983	1.9958605979273142e-6	Hspa4l
1.0808041562887782e-10	1.5463517538126308	0.692	0.235	2.087789388703033e-6	Ltbp4
1.1048809879726631e-10	1.9730565123383048	0.513	0.101	2.134298604466793e-6	Srgap3
1.277098748015211e-10	-2.773570681224042	0.154	0.709	2.466971651540983e-6	Kcnk3
1.325874463205038e-10	1.7540261542572528	0.641	0.179	2.561191700573172e-6	Grid1
1.3673971721657072e-10	-1.2811317630571788	0.667	0.944	2.6414011174724965e-6	Josd2
1.3903173229716487e-10	1.5858267809472173	0.462	0.073	2.685675972784334e-6	Tspan6
1.4067006837732697e-10	1.3087643346892528	0.872	0.341	2.717323710844825e-6	Clip3
1.5466217054661463e-10	0.9623532006124931	1	0.899	2.9876091484489547e-6	Ctnnd2
1.5499926069499583e-10	-2.23419131908925	0.231	0.765	2.9941207188452345e-6	Baiap2l1
1.557736722996791e-10	-1.9119221150968433	0.462	0.86	3.009080027812901e-6	Pawr
1.6667881195889796e-10	1.8483790136343867	0.462	0.073	3.219734610610032e-6	Fstl4
1.6712941548470155e-10	1.714098544780747	0.667	0.184	3.22843891891798e-6	Camk2b
1.720102968801972e-10	-1.8829606102841048	0.282	0.777	3.3227229048347692e-6	Nucb1
1.9829732890574435e-10	1.6163950146100428	0.513	0.089	3.830509502472264e-6	P3h2
1.985484219539571e-10	-4.293778601576202	0.103	0.665	3.835359866884589e-6	Dlgap2
2.0954781013451343e-10	-2.4699231569122557	0.128	0.682	4.0478350483683955e-6	Cryba2
2.2330914236056434e-10	-2.8073212982891182	0.051	0.642	4.313662702979021e-6	1700019D03Rik
2.425313949114896e-10	2.0582133536644127	0.513	0.106	4.684978955505245e-6	Dach1
2.47238108947511e-10	1.6661304907253394	0.538	0.112	4.77589855053907e-6	Tmem179
2.563535371557949e-10	-1.4586766808820768	0.872	0.939	4.95198127723849e-6	Cadps2
2.5670870274616957e-10	1.5769408138512269	0.641	0.173	4.9588420109477574e-6	Ppargc1a
2.7041737571511566e-10	1.7177946670046276	0.513	0.095	5.2236524466888895e-6	2610316D01Rik
2.745333524041877e-10	1.8476112717042141	0.949	0.816	5.303160768391694e-6	Nnat
2.791566001304146e-10	1.3637599360408919	0.59	0.145	5.392468044719218e-6	Adcy3
3.1276855236738373e-10	-2.6867311744054856	0.026	0.615	6.041750126080751e-6	Grb7
3.1702036783283643e-10	1.3414905009715063	0.872	0.369	6.123882445426901e-6	Bcat1
3.2664962111947064e-10	1.4019354404723463	0.846	0.369	6.309890731164815e-6	Zfp462
3.5068013368373707e-10	-1.2693202451896082	0.821	0.983	6.774088142368749e-6	Oxr1
3.577299481883696e-10	-0.9100989602001952	0.974	1	6.910269409154736e-6	Guk1
4.0185584568217326e-10	-1.6607051067470056	0.667	0.894	7.76264937104254e-6	Vgll4
4.073296457366953e-10	-2.682683313202554	0.256	0.737	7.868386766695744e-6	Crip1
4.3140310234659475e-10	1.329312180681776	0.385	0.045	8.333413728029171e-6	Scrt1
4.39728056408368e-10	-2.531034082484316	0.179	0.704	8.494226865640445e-6	Man1a
4.5363087957025724e-10	-2.627710851194106	0.103	0.654	8.762787700658659e-6	Cdcp1
4.5931456925995716e-10	1.248769628625945	0.974	0.564	8.872579534394592e-6	Adam22
5.816335288259463e-10	1.7609269348186498	0.359	0.039	1.1235414876330805e-5	Dscam
5.847418160073209e-10	-1.037142724134725	0.923	0.978	1.1295457659813419e-5	Mbd2
6.141533216178076e-10	1.3611751528924145	0.538	0.117	1.186359971369119e-5	D430019H16Rik
6.264144131637824e-10	2.0939729431577465	0.41	0.061	1.2100447219084786e-5	Fst
6.352888763800375e-10	-1.8762418854856566	0.41	0.804	1.2271875225033183e-5	Grasp
6.593511810450172e-10	-1.9722249338128095	0.41	0.788	1.2736686764246596e-5	Tjp2
6.953238256177439e-10	-1.7373421738269204	0.538	0.832	1.3431570339457959e-5	Itga6
7.075816818048894e-10	1.079624944874926	1	0.872	1.3668355347425047e-5	Kif1b
7.096473602738648e-10	-2.674927421144201	0.128	0.67	1.3708258058410246e-5	Slc41a2
7.460790617628795e-10	1.3019582524615192	1	0.782	1.4412009236073542e-5	Fam155a
7.555968879841783e-10	0.8168169910431589	0.205	0	1.4595865085190372e-5	Celf5
7.62637236131901e-10	1.7797215570070613	0.487	0.095	1.473186349035993e-5	Rarb
7.768788606079191e-10	1.0735749288721368	1	0.978	1.5006968950363174e-5	Hcn1
7.94247411702922e-10	1.4244599841116332	0.359	0.039	1.5342477251865343e-5	Pcdh10
8.3982357199143e-10	-2.441210655368172	0.103	0.665	1.6222871940158454e-5	Pkp2
8.467349374325546e-10	-3.236329878083313	0	0.581	1.6356378786384658e-5	Arhgef38
9.049887207254248e-10	1.433151372173335	0.385	0.05	1.7481667118253032e-5	Pxdn
9.313734176572117e-10	-2.344830279754845	0.513	0.827	1.799134030888436e-5	Spock3
1.0187092113354648e-9	-1.4472193924311914	0.846	0.933	1.9678405835367174e-5	Dstn
1.0232380135623448e-9	1.5523586944323806	0.231	0.006	1.9765888707983816e-5	Cdr1os
1.028469165590033e-9	1.0968875922849355	1	0.849	1.986693887170267e-5	Map4k4
1.0632801303389737e-9	-1.629782074474387	0.462	0.838	2.0539382277757956e-5	Osbpl3
1.063719230446332e-9	1.5847771387965068	0.256	0.011	2.0547864374531794e-5	Bmerb1
1.1270984195673787e-9	0.9589042917530772	0.231	0.006	2.1772160170783054e-5	Sncaip
1.2089667834884135e-9	1.7582916801080033	0.282	0.017	2.3353611356645685e-5	Sh3rf3
1.2556557815612244e-9	1.4159149631026235	0.615	0.179	2.4255502732418172e-5	Tet1
1.2696598262985467e-9	1.2485438139515	0.256	0.011	2.4526018864609024e-5	Rab33a
1.3274382542085986e-9	-2.55368565536242	0.128	0.654	2.56421247565475e-5	Fam160a1
1.3384299490017147e-9	0.6533523527154865	1	0.989	2.585445132486612e-5	Pbx1
1.4666886209114371e-9	1.576190968234828	0.385	0.05	2.833202409014623e-5	Fstl5
1.5260932903527191e-9	1.3309451755519532	0.949	0.626	2.9479544089743474e-5	Stxbp1
1.5724763241012734e-9	-2.6429212695028723	0.051	0.603	3.0375525152664298e-5	Acer2
1.6384123498101015e-9	1.549164923098704	0.923	0.581	3.164921136128173e-5	Mapk4
1.75143730478563e-9	-2.1023768574088955	0.359	0.771	3.3832514416544014e-5	Mrtfb
1.9219027534251405e-9	1.0889199282139608	0.974	0.788	3.7125395487913436e-5	Rufy3
1.995961547050554e-9	-1.6951671791071978	0.385	0.855	3.855598920437555e-5	Neat1
1.9974144856003615e-9	-1.843397639996061	0.333	0.777	3.858405561834218e-5	Fam129b
2.162597065652535e-9	-2.224184244124669	0.128	0.659	4.1774887517210023e-5	Myo10
2.1679712120456703e-9	1.219259475703128	0.923	0.626	4.187869990308621e-5	Cdh2
2.2048116924887266e-9	1.452275627902877	0.821	0.369	4.259034746380473e-5	Bach2
2.211105152112678e-9	1.713245948622479	0.795	0.324	4.27119182233606e-5	Filip1l
2.4811102283071198e-9	1.5771642034017637	0.641	0.19	4.792760628020863e-5	Prr7
2.5689796355458466e-9	-1.5257134184015344	0.692	0.899	4.9624979619839117e-05	Nipal2
2.612654626756235e-9	-2.3739237268570053	0	0.559	5.0468649425050193e-5	Il10rb
2.7477007288410857e-9	1.4250318516299412	0.436	0.073	5.307733497902325e-5	Cachd1
2.8149753474518245e-9	1.4027422512101282	0.744	0.274	5.4376878786726896e-5	Cnrip1
2.877702616649355e-9	1.4386015166450956	0.692	0.24	5.558858144581559e-5	Pmepa1
2.882130914173628e-9	-1.8235305806241109	0.41	0.804	5.567412286909197e-5	Gramd3
2.9218557680564445e-9	1.3696675052524334	0.359	0.045	5.644148787154634e-5	Tmem255a
2.9246196016201892e-9	1.4015857635631435	0.538	0.123	5.6494876844497196e-5	Rab30
2.947554140777756e-9	-2.7380118380006997	0.051	0.592	5.693790333740391e-5	Sh3yl1
3.0613062114547922e-9	-1.662924165289867	0.59	0.899	5.9135252086672224e-5	Rbpms
3.1283625116478864e-9	-2.3264568581190184	0.179	0.659	6.043057863750222e-5	Arfgap3
3.1982943143601667e-9	-1.8055752800105305	0.564	0.838	6.178145127049533e-5	Ets2
3.2227434381580383e-9	-0.6391978458587122	1	1	6.225373499489882e-5	Bsg
3.253612594738842e-9	1.308659154731061	0.872	0.592	6.285003449257021e-5	Cep170
3.3750670150638323e-9	1.2688953367724825	0.846	0.408	6.519616952998805e-5	Frmd4a
3.4322851415768985e-9	1.1870362860552872	0.41	0.061	6.630145207984094e-5	Gnai1
3.47506180793893e-9	-2.400611835268405	0.026	0.575	6.712776894395632e-5	Klc3
3.6465621917605633e-9	1.009073720529166	1	0.872	7.04406418582388e-5	Map2
3.6701866492966424e-9	1.485075068249428	0.359	0.045	7.089699550446324e-5	Crb1
3.6818627818153024e-9	1.3173991567435106	0.897	0.464	7.11225433563262e-5	Podxl2
3.752784524491419e-9	-2.0045999384520194	0.436	0.788	7.249253865960074e-5	Clic1
3.8035540484751155e-9	1.0609446267553537	0.949	0.743	7.347325355439381e-5	Rhobtb3
3.928301109060488e-9	-2.621367526045735	0.026	0.57	7.588299252372144e-5	Grhl2
4.120669152926976e-9	-2.3431261711982274	0.231	0.715	7.95989660270904e-5	Bik
4.469613249708498e-9	-1.5896723256089698	0.692	0.866	8.633951914461906e-5	Actn1
4.7019417246957685e-9	-1.7239840129843542	0.615	0.927	9.082740829594816e-5	Rbp4
4.781014397519525e-9	-1.7155681189996512	0.564	0.804	9.235485511688465e-5	Tuba4a
5.2163956704754405e-9	1.6723343075010986	0.795	0.352	1.0076511516657409e-4	Usp29
5.293723391765461e-9	0.9816358690237443	0.974	0.939	1.0225885475873342e-4	Ccser1
5.443851887371481e-9	1.215935989489174	0.974	0.709	1.051588869083549e-4	Clasp2
5.536822684760281e-9	0.8476401463109648	1	0.994	1.0695480380151434e-4	Kcnq5
5.743836110373882e-9	1.6943766327891878	0.718	0.313	1.1095368214409228e-4	Atp2b2
6.069789699700495e-9	1.5604887948253316	0.41	0.073	1.1725012762911446e-4	Fam184a
6.096574910865808e-9	1.6391854819253302	0.487	0.106	1.1776753755319481e-4	Nmnat2
6.1321858686513425e-9	-1.4431428354427207	0.872	0.939	1.1845543442473798e-4	Btg2
7.762542994833334e-9	-2.566161304969858	0	0.536	1.499490430311955e-4	Crb3
7.79521697208244e-9	2.3896613338854458	0.308	0.034	1.505802062497165e-4	Unc5d
8.052505286209884e-9	1.4700877356398745	0.41	0.073	1.5555024461371634e-4	Cacng7
8.055971208844899e-9	-1.4993248182737309	0.718	0.922	1.556171958412569e-4	Fhl2
8.480306121790959e-9	-2.5957606730452802	0.077	0.581	1.6381407335463595e-4	Cmtm8
9.322619037856281e-9	0.925199805459755	0.179	0	1.800850319542698e-4	Ppp1r17
9.322619037856281e-9	2.162089161434523	0.179	0	1.800850319542698e-4	Lrrtm4
9.445456773405225e-9	1.0672942980685638	0.974	0.631	1.8245788849186872e-4	Ext1
9.777668825576165e-9	1.2787933780995158	0.974	0.872	1.8887522870365478e-4	Pgrmc1
9.858269465740448e-9	1.2118192442592344	0.949	0.693	1.9043219126970825e-4	Slc2a13
1.008331971337659e-8	-0.9496127189632897	0.949	1	1.9477948690329558e-4	Ucp2
1.0266238977875143e-8	-1.3130221080357818	0.744	0.939	1.9831293833561415e-4	Ntn4
1.0448492287925411e-8	1.4537227317468582	0.615	0.19	2.0183352552585518e-4	St3gal4
1.0915691243318758e-8	1.1226422710165074	1	0.62	2.1085840774718844e-4	Eef1a2
1.1298045946298847e-8	-1.59198426162324	0.538	0.827	2.1824435354465482e-4	Limk2
1.1309889706996397e-8	1.5981317360647376	0.436	0.084	2.1847313947004942e-4	Vwa5b1
1.177563177211001e-8	1.059516761657862	0.949	0.81	2.2746987894184907e-4	Nudt4
1.2316075807621039e-8	-1.423940320462573	0.718	0.927	2.379096363758156e-4	Nebl
1.3639448351635039e-8	-1.0829984021178976	0.872	0.966	2.6347322380853406e-4	Sh3d19
1.3983049440304866e-8	1.9833074380802467	0.667	0.223	2.701105660383691e-4	Rgs7bp
1.4239194252567161e-8	0.6568860190497112	1	0.989	2.7505851537683985e-4	Fkbp3
1.4239194252567161e-8	-0.8386859727559672	1	0.989	2.7505851537683985e-4	Cox17
1.4260413465842962e-8	1.2074843903214245	0.923	0.67	2.754684069196885e-4	Nr2f2
1.4443593791069314e-8	0.6860088672874642	1	0.939	2.7900690126208595e-4	Ube3a
1.4457589017782372e-8	1.5971981644335156	0.923	0.587	2.792772470565021e-4	Pde1c
1.5401078333973102e-8	1.0385805012831049	0.205	0.006	2.9750263017735843e-4	Tspyl3
1.5811510401152265e-8	1.0498746561092513	0.949	0.57	3.054309464190583e-4	Hap1
1.6720491582493627e-8	0.7302399340940335	0.59	0.145	3.229897358990294e-4	Msn
1.687320135588381e-8	-1.099295890028492	0.846	0.978	3.2593963059160755e-4	Farp1
1.7149577773010595e-8	-2.4430317182706736	0	0.52	3.3127839384124565e-4	Myo1h
1.7746058968639705e-8	1.0336483500373919	0.205	0.006	3.428006210972132e-4	Clca3a2
1.8182429814634597e-8	-0.9825663389029304	1	1	3.5122999672929653e-4	Fth1
1.9633370615103918e-8	1.0234311601407318	0.333	0.045	3.792578201719624e-4	Samd14
1.971667425461237e-8	1.5975618784565564	0.385	0.061	3.8086699657634716e-4	Fut9
1.9816054486676763e-8	-1.3764374819367764	0.59	0.866	3.8278672451913504e-4	Pick1
2.0077594934014336e-8	1.0692176727935305	0.795	0.335	3.8783890134035494e-4	Lrrn3
2.0358662727440437e-8	0.8729251055015281	1	0.877	3.932682879059669e-4	Ina
2.0487353761848495e-8	1.3387260703157453	0.282	0.028	3.957542126176274e-4	Gm13889
2.0744462460136704e-8	1.2408196801721145	0.564	0.156	4.007207813424607e-4	Cend1
2.2236143495331633e-8	-2.317046827403943	0	0.514	4.295355838993212e-4	Arhgef16
2.2714303992922704e-8	-2.410941635613584	0.051	0.564	4.3877221023128787e-4	Scn5a
2.2879166357913116e-8	-2.02828123166658	0.359	0.732	4.4195685653580763e-4	Gm26542
2.3104814891186344e-8	1.3065191298771437	0.821	0.547	4.463157092530466e-4	Plekhh2
2.3114442432614927e-8	-1.2928330689408924	0.795	0.916	4.4650168447082255e-4	Aldh1a7
2.3342950059562864e-8	0.9956375799637326	0.974	0.726	4.5091576630057587e-4	Gng2
2.4057568815855674e-8	-1.410281934674782	0.692	0.922	4.6472005681588404e-4	Ogfrl1
2.4749805397456566e-8	-2.3377351414660708	0.205	0.648	4.780919908626685e-4	Myo5b
2.4778652967922874e-8	1.0654522585887922	0.897	0.447	4.786492393813662e-4	Dennd2a
2.754104291949334e-8	1.1071422095532295	0.846	0.402	5.320103260758528e-4	Spred1
2.8602946551446746e-8	1.135924447551908	0.308	0.034	5.525231185342968e-4	Gm16083
2.903454829637608e-8	1.4595580510871615	0.564	0.162	5.608603694410968e-4	Amer2
3.1312456389954443e-8	0.7855940942456895	1	0.922	6.0486272008475e-4	Asap1
3.175535703620481e-8	-1.2496253260491976	0.769	0.933	6.134182318683683e-4	Cyb5r3
3.1981957043596426e-8	1.0728638387264315	0.974	0.715	6.177954642111521e-4	Bcl11a
3.362235876152636e-8	-2.2615573677042677	0.179	0.648	6.494831041964046e-4	Phactr2
3.369152711344665e-8	1.0578566065451405	0.282	0.028	6.508192292504489e-4	Ndrg4
3.386462203642293e-8	1.8055324075879833	0.795	0.402	6.541629038775817e-4	Gm26871
3.3981940522190445e-8	-1.9676169026263348	0.282	0.698	6.564291450671529e-4	Ttc39a
3.4657255697779835e-8	1.1272147362487925	0.923	0.665	6.69474208314013e-4	Maged1
3.578550370747544e-8	1.3115014721377012	0.897	0.503	6.91268575117303e-4	Dnm3
3.6425484438351236e-8	-2.3539243209085217	0.128	0.609	7.036310828956308e-4	Far2
3.7136965854225537e-08	-2.446548045957117	0	0.503	7.173747694060747e-4	Kcnk16
3.767462513353736e-8	1.3426945896925548	0.487	0.112	7.277607337045412e-4	Slc29a4
3.876962868178367e-8	-1.5033355386942868	0.513	0.844	7.489129172460152e-4	Ptp4a3
4.3963861304787695e-8	-2.546108149662807	0.026	0.52	8.492499088245839e-4	Ablim1
4.410482472477397e-8	-1.5518330096674173	0.436	0.771	8.519728992084588e-4	Ddt
4.4510445328357986e-8	-3.455831044722654	0.103	0.587	8.598082724078912e-4	Pcp4
4.5374984971867044e-8	1.191073866856039	0.846	0.531	8.765085847015557e-4	Slc6a15
4.678540170182292e-8	-1.3994204301776891	0.615	0.849	9.037536046741134e-4	Sgms1
4.783701793004111e-8	-2.331849019094099	0	0.497	9.240676753546042e-4	Cgn
4.783701793004111e-8	-2.4198192058889045	0	0.497	9.240676753546042e-4	Fgf5
4.805347281904156e-8	0.9435006150338054	0.974	0.626	9.282489344454258e-4	Rab3a
4.821009590466219e-8	0.9647449823046467	0.974	0.827	9.312744225903596e-4	Cask
4.821052626274309e-8	1.150328333046726	1	0.821	9.312827358174083e-4	Kcnj3
4.8371560522184506e-8	0.8324061146768074	1	0.883	9.343934346070381e-4	Camta1
4.950989060447801e-8	1.33556584260359	0.667	0.223	9.563825568067017e-4	Parp8
5.025022904419906e-8	-2.1916476893554404	0.077	0.559	9.706836744467932e-4	Plaat3
5.221542249966767e-8	-1.773453500957138	0.333	0.709	0.0010086453164260803	Lasp1
5.245139155556196e-8	1.9234240422498075	0.256	0.022	0.0010132035306787905	Epha3
5.3260185576079235e-8	1.1160522898157808	0.333	0.045	0.0010288270047731226	Btbd17
5.350455332010938e-8	1.1671811954863296	0.949	0.726	0.001033547456484553	Ahi1
5.530654090504118e-8	-1.7027092718506809	0.462	0.777	0.0010683564506626805	Sdc4
5.7063962248065935e-8	-1.9335292179585237	0.154	0.626	0.0011023045587458897	Syne4
5.8133386252653516e-8	1.1723390089344456	0.949	0.547	0.0011229626222425079	Hdgfl3
5.996225453112394e-8	0.9500305682637579	0.795	0.291	0.0011582908707777212	Npas3
6.131382906154938e-8	1.1015904674515906	0.949	0.687	0.0011843992359819493	Dzip3
6.148781429694119e-8	-2.6284582616063976	0	0.492	0.001187760108774013	Tmem54
6.157186177299422e-8	-1.6091010501222085	0.615	0.832	0.0011893836538689295	Spryd7
6.335768555925592e-8	-2.186275545707023	0.128	0.581	0.0012238804119481467	Usp2
6.448560196428737e-8	1.6038634515484922	0.872	0.497	0.0012456683731441392	Hivep2
6.480139986413523e-8	1.0498536926408772	0.949	0.67	0.0012517686411755004	Onecut2
6.489816548587945e-8	1.9740656137505703	0.846	0.553	0.0012536378626907335	Thsd7a
6.790030027412077e-8	1.1757328587796145	0.256	0.022	0.001311630100395191	Paqr9
6.971106489813446e-8	1.4293667184032943	0.333	0.05	0.0013466086406372633	Vldlr
7.126854375741968e-8	1.529218128279915	0.385	0.073	0.001376694459762076	Galnt16
7.132805043225002e-8	-1.5589088812714689	0.308	0.76	0.0013778439501997736	Frrs1
7.1896081109517e-8	-1.6838885562536317	0.359	0.749	0.00138881659879254	Qsox1
7.40293051609902e-8	1.419190030250428	0.564	0.179	0.0014300240877948476	Xylt1
7.509820386663609e-8	1.3001733163590834	0.795	0.385	0.0014506720040918094	Cpq
7.578855190864686e-8	-2.2166513400504018	0.026	0.508	0.0014640074572193312	Plek2
7.611044083494648e-8	1.1906313887229216	0.821	0.397	0.0014702253856086612	Magi1
7.623741478316217e-8	0.8838116889370218	0.974	0.855	0.0014726781413663436	Xist
7.658205922764576e-8	0.9620529863460493	0.974	0.849	0.0014793356381004332	Elavl2
8.054793497076293e-8	0.9588986685775005	0.231	0.017	0.0015559444598302276	Vash2
8.209443477234196e-8	-2.2530481008846857	0.077	0.559	0.0015858181964973296	Tjp3
8.537437603923431e-8	1.116981754022925	0.846	0.469	0.0016491768219498893	Fads1
8.758069673718563e-8	1.1852628599495212	0.282	0.034	0.0016917963188722148	Tmem136
9.23156407941133e-8	0.825499274304465	1	0.877	0.0017832612332198867	Marcksl1
9.335251966675804e-8	-2.1486184386615963	0.026	0.503	0.001803290622402765	Stx3
9.79669712086035e-8	1.3708698063948264	0.231	0.017	0.0018924279828365937	St8sia1
9.845170442622358e-8	0.951296403752403	0.949	0.777	0.0019017915744013608	Nt5dc2
1.0094250548759719e-7	-2.519016794467526	0	0.48	0.0019499063785039148	Slc40a1
1.0288433008666231e-7	1.237839144636853	0.59	0.196	0.001987416604284056	Fam171a2
1.0859591719263314e-7	1.1265845804415147	0.795	0.436	0.0020977473324100943	Gga2
1.0870041699513025e-7	-1.9243461986879011	0.538	0.771	0.002099765955094931	2610035D17Rik
1.0907014161436801e-7	-2.288306804488837	0.051	0.531	0.0021069079255647467	Ptk2b
1.0965658333949697e-7	1.0096485983904802	1	0.771	0.0021182362203690627	Cadps
1.1207474993587113e-7	-1.712036490386625	0.385	0.726	0.0021649479445112227	Tuft1
1.135284745142334e-7	0.660423403929459	0.154	0	0.0021930295421914467	4930588J15Rik
1.135284745142334e-7	0.7819058554665408	0.154	0	0.0021930295421914467	1500009C09Rik
1.135284745142334e-7	0.6014039312048927	0.154	0	0.0021930295421914467	Gm47936
1.135284745142334e-7	2.1336079919229314	0.154	0	0.0021930295421914467	Zfp536
1.135284745142334e-7	1.1335923053660566	0.154	0	0.0021930295421914467	Hs3st2
1.158083609054208e-7	-1.9434335937820792	0.205	0.62	0.0022370701076100136	Plekhg3
1.1816429977604519e-7	1.2880950722944444	0.872	0.531	0.002282579778773865	Nova1
1.1818178975244121e-7	0.9885054322718463	0.949	0.732	0.002282917632647907	Lrrfip2
1.1897205887480749e-7	-0.6902055559222384	1	0.994	0.0022981832612846563	Arf5
1.2080967716041444e-7	-0.6253287647827865	1	1	0.0023336805337077255	Slc25a5
1.2211829065168272e-7	2.5122501281588434	0.436	0.106	0.002358959020518555	Tppp3
1.2720300802934218e-7	1.3126921611107234	0.538	0.168	0.002457180506102803	Usp11
1.28929034936174e-7	-2.2584455726807366	0	0.475	0.002490522167862073	Tmprss4
1.3276416596577005e-7	1.2476696245975578	0.462	0.117	0.00256460539396078	Ap1s2
1.3366534650999656e-7	1.146433368681718	0.231	0.017	0.0025820134985336035	Rmst
1.3411520866997775e-7	1.0206771228269191	0.897	0.609	0.00259070348587796	Phf6
1.3653268613817108e-7	0.699309739773589	1	1	0.0026374018981310506	Stmn1
1.38928372741353e-7	0.7687071895472766	0.231	0.017	0.002683679376244716	Ajap1
1.4450552972515123e-7	-1.7500721620778061	0.564	0.804	0.0027914133177007463	Junb
1.4462554046379904e-7	-1.0019719206514615	0.795	0.933	0.002793731565139206	Myh9
1.477295778665961e-7	1.7852549501958084	0.641	0.263	0.0028536922556490368	Arhgap24
1.4927998690096134e-7	1.5399804439211864	0.718	0.274	0.00288364150696587	Kcnb2
1.4946812789059012e-7	-2.2410524979885933	0.128	0.598	0.0028872758264625294	Pdzd2
1.494753957504514e-7	1.33296824113391	0.641	0.229	0.00288741621971147	Map1a
1.5033721098031128e-7	-2.2528600874684312	0.051	0.52	0.002904063904506673	Hebp2
1.5305556544185474e-7	1.2899961576261296	0.538	0.168	0.002956574357640308	Sptbn4
1.5760679679987223e-7	-1.5195768847504196	0.308	0.726	0.003044490493783132	Dsg2
1.5884445262973688e-7	2.5412710125090365	0.436	0.117	0.0030683982914486273	Ryr3
1.5898232771620678e-07	1.305885254506135	0.333	0.05	0.0030710616244939665	Gabbr2
1.6433415192007147e-7	-2.180369204317234	0	0.469	0.003174442812640021	Ildr1
1.6433415192007147e-7	-2.0935978215823505	0	0.469	0.003174442812640021	Prom2
1.643477934405193e-7	1.4295780467997876	0.385	0.078	0.0031747063258905114	Pou3f4
1.651365724393018e-7	1.1578543236194392	0.692	0.268	0.0031899431698099927	9330159F19Rik
1.6863126581935499e-7	1.186257258621149	0.462	0.106	0.0032574501618324804	Tram1l1
1.6890766210702715e-7	1.1439858248605308	0.923	0.564	0.0032627893089214434	Plcl1
1.7007730154223765e-7	0.7428278258853038	0.179	0.006	0.0032853832338914047	Caskin1
1.7086759455284626e-7	1.0221486866690959	0.205	0.011	0.003300649323977331	Fam131b
1.7086759455284626e-7	1.0967931793701093	0.205	0.011	0.003300649323977331	Gm26862
1.7151188501023453e-7	0.6317883426581785	1	1	0.0033130950827427006	Celf2
1.7180071538740094e-7	-2.0890358748443214	0.231	0.648	0.003318674419138424	Myo1e
1.733334029869608e-7	-0.7712607019090143	0.795	0.961	0.0033482813454991218	Tagln2
1.7395841048348162e-7	0.7112260068662195	1	0.95	0.0033603546153094144	Kcnq1ot1
1.7815535817797223e-7	0.8049471551732394	0.205	0.011	0.0034414270539238896	Lrrtm2
1.7815535817797223e-7	0.8874678864542767	0.205	0.011	0.0034414270539238896	Tceal3
1.8166831821313345e-7	-2.1154685110862674	0.231	0.642	0.0035092869029230986	Wls
1.8663389684775218e-7	1.5520554479106605	0.179	0.006	0.0036052069854080287	Cidea
1.9010261818302204e-7	-2.063330072811293	0.205	0.62	0.003672212275441437	Nfatc2
1.9023852381733698e-7	-1.629658218067136	0.179	0.642	0.0036748375645794984	Cyb561
1.9525858432290861e-7	-2.165680485140191	0.103	0.559	0.0037718100733656256	Clstn3
1.9842156771888705e-7	-2.9083621994692104	0.205	0.615	0.003832909423625741	Fmn1
2.0186421445325937e-7	0.8749811807386344	0.974	0.894	0.003899411030593611	Cfl2
2.0474349002209552e-7	0.9821055272105959	0.179	0.006	0.003955029996756819	Hr
2.1442389297045202e-7	1.0976889107098242	0.179	0.006	0.004142026340510222	Tmem178
2.1442389297045202e-7	0.7288390772290771	0.179	0.006	0.004142026340510222	Gm10125
2.1866268638704978e-7	0.8156360200054639	0.949	0.799	0.004223907112938641	Golim4
2.194577902416784e-7	0.9544008232581396	0.282	0.034	0.004239266134098502	Maf
2.239325850626978e-7	1.2605920384354585	0.692	0.313	0.004325705745656133	Elovl4
2.2671317236036002e-7	1.3703946815145844	0.744	0.335	0.0043794183504850745	Hepacam2
2.3112063837042792e-7	0.7954880267175349	0.974	0.894	0.004464557371401556	Bok
2.3140429853238e-7	1.0503899220690083	0.897	0.52	0.0044700368347499846	Apba2
2.3268231185945276e-7	1.1952390795230732	0.769	0.385	0.004494724218189049	Kitl
2.3714708892728466e-7	1.1195277619127868	0.846	0.609	0.0045809703168083575	Usp22
2.525207131733332e-7	-2.7402404054444593	0.103	0.531	0.004877942616369277	Ccdc33
2.616079195760627e-7	1.138426673925994	0.462	0.117	0.0050534801824508035	Gas2
2.631703253854259e-7	-2.5496901611465335	0.026	0.48	0.005083661175470272	Gm48893
2.8152553594733034e-7	1.5574642678495945	0.692	0.335	0.00543822877789458	Aldh1l2
2.852627702929032e-7	1.1698798384626157	0.872	0.525	0.005510420933748011	Casp3
2.900928105360368e-7	-0.4471129597451484	1	1	0.005603722821124623	Slc25a3
3.0039034646707286e-7	0.9628953044412081	0.897	0.615	0.005802640322704446	Smarcd1
3.015217250117096e-7	-2.020729570372831	0.026	0.492	0.005824495162051194	Marveld3
3.03244400345214e-7	-0.9011246220251736	0.897	0.989	0.005857772081468498	Tmem134
3.0816287866674393e-7	0.9079183485572959	0.923	0.726	0.005952782327205492	Adgrl2
3.099967454816452e-7	1.382213409612565	0.41	0.095	0.005988207132468941	Nexn
3.151493674965604e-7	0.9812924868128334	0.256	0.028	0.006087740331931058	Fam135b
3.184855813744344e-7	0.6410340285918441	0.974	0.872	0.006152185975409949	Ube2e3
3.207521999330285e-7	-1.8907130692431149	0.154	0.587	0.006195970246106311	Krtcap3
3.2187435855431556e-7	-0.9109788038354985	0.923	1	0.006217646984193714	Chchd10
3.2526334175984037e-7	-1.050851762928701	0.795	0.961	0.0062831119727748365	Hagh
3.331751740134356e-7	-1.8930726961912958	0.077	0.542	0.006435944836417536	Galnt12
3.3615495085056445e-7	-2.2995857056790463	0	0.453	0.006493505185580353	Macc1
3.4144144939225935e-7	-0.8173356429624937	0.897	0.989	0.006595624477910274	Atp1a1
3.5820839905290265e-7	1.050164744548956	0.949	0.631	0.0069195116445049205	Zfp428
3.659726843511076e-7	2.196985663589785	0.744	0.346	0.007069494343610345	Basp1
3.6616308893995513e-7	1.7822894440889125	0.462	0.134	0.0070731723890531135	Gucy1a2
3.6685126043927986e-7	0.954848006268423	0.897	0.57	0.007086465797905569	Nudt19
3.704893179588123e-7	-1.9167587332235492	0.128	0.57	0.007156742155010377	Dnaja4
3.796393046188953e-7	-1.328713744257045	0.513	0.816	0.007333492447323201	Litaf
3.8852406367778826e-7	-2.018125305564055	0.41	0.715	0.007505119338063836	Adamts17
4.0275636462866577e-7	0.9246516922927314	0.744	0.296	0.007780044695531937	Tmem263
4.0537776449014015e-7	1.587120666948761	0.692	0.302	0.007830682276656037	Thrsp
4.0894065069358307e-7	-1.3740008184149044	0.692	0.855	0.007899506549447944	Wnk2
4.1796485064893283e-7	1.2766245980117379	0.564	0.184	0.008073827019985436	Htr3a
4.1931148368399953e-7	-0.7776876952654845	0.897	0.966	0.008099839930323819	Eif4e2
4.250157520916381e-7	-2.285412208159161	0	0.447	0.008210029283154173	Gm16136
4.252500348747752e-7	-2.2141118470243715	0.026	0.469	0.008214554923676034	Fgd2
4.265912013424763e-7	0.878131447935532	0.256	0.028	0.008240462236332615	Nat8l
4.391199504812547e-7	1.013669111115126	0.949	0.76	0.008482480083446396	Eml5
4.4339343725756485e-7	1.3703306414951506	0.308	0.045	0.00856503102750438	9530036O11Rik
4.832493024710728e-7	1.0875048671652374	0.487	0.128	0.009334926775833714	Sat2
5.040231917600288e-7	1.5542486494814796	0.41	0.101	0.009736215995228477	Prkcb
5.109355481846909e-7	-1.5530061446931513	0.59	0.821	0.009869741984283675	Rab27b
5.189144864437176e-7	-1.476221368998783	0.41	0.76	0.010023871134633293	Ndufaf3
5.255212883907196e-7	1.8453759451606135	0.436	0.112	0.01015149472784353	Antxr1
5.36299548247163e-7	-2.1557277565351214	0	0.441	0.010359698373490447	Atp2a3
5.36299548247163e-7	-2.1645642760343975	0	0.441	0.010359698373490447	Eppk1
5.824960536176329e-7	1.0986542095910476	0.846	0.525	0.011252076267731816	Purg
6.075744145211855e-7	-1.6970545786025808	0.333	0.676	0.01173651496530574	Hdac11
6.377453377512145e-7	-1.856499264356278	0.179	0.603	0.012319326689340212	Reep6
6.45133276418382e-7	1.371735495647673	0.872	0.603	0.012462039500573884	Tesc
6.526860684681865e-7	0.7380086546773361	0.974	0.927	0.01260793678459996	Hmgb3
6.560798169848851e-7	-1.9496255009660566	0.179	0.609	0.012673493824697025	Ckmt1
6.652401310083205e-7	1.2604909408407636	0.487	0.145	0.012850443610687727	Gas6
6.938439622652017e-7	0.8153956034940198	1	0.855	0.013402983819076902	Dclk2
7.076681650406485e-7	1.1965089774199222	0.282	0.045	0.013670025944090208	Nudt11
7.208112043390639e-7	0.8307409665873335	0.974	0.721	0.013923910034217698	Lncppara
7.359117184680022e-7	-1.0720516110858964	0.769	0.955	0.014215606665646398	Atp8a1
7.383677394971094e-7	-0.9733974099482329	0.872	0.955	0.014263049623865662	Zfand6
7.623752363163869e-7	1.5430282920267537	0.769	0.374	0.014726802439923645	Mxra7
7.725152851306378e-7	1.2067044904494857	0.231	0.022	0.01492267776286853	Cdh6
7.762848969665181e-7	1.0261221430721341	0.692	0.291	0.01499549535470223	Nrxn2
7.955321291128673e-7	-0.765068611004094	1	0.994	0.015367294138073258	Myl12b
8.023734000000307e-7	-0.9118040869228865	0.718	0.939	0.015499446967800593	Bcap31
8.037615071941269e-7	1.2050320242444448	0.718	0.307	0.01552626103446895	Igdcc4
8.154444372330477e-7	1.2340641479587977	0.487	0.145	0.015751940194030783	Mir100hg
8.186961870860974e-7	0.435679950753888	1	1	0.015814754245942145	Nedd4
8.219545401079407e-7	0.8426563900496649	0.359	0.067	0.01587769585126509	Dtx1
8.335251140145218e-7	1.0077601487928611	0.949	0.76	0.016101204627418517	Mbip
8.489242402126335e-7	-2.253484764571916	0	0.43	0.01639866954818744	Scnn1a
8.902941460775129e-7	0.7221152348215931	1	0.933	0.017197812019779317	Top2b
9.12397440924159e-7	1.1846136387419783	0.795	0.43	0.017624781366331978	Fam89b
9.281957939458707e-7	1.063022858712525	0.897	0.631	0.017929958151652384	Pdxp
9.398518927025338e-7	-1.1024022276218184	0.744	0.899	0.018155119011334844	Gipc1
9.52392076885865e-7	0.7205387340191165	0.231	0.022	0.018397357749204254	Shank2
9.543646086198234e-7	0.7992357692424932	0.974	0.838	0.01843546114470913	Ezh2
9.860101967142295e-7	0.7232433609294838	1	0.899	0.01904675896992877	Enah
9.974922635606132e-7	0.963217135687432	0.513	0.151	0.019268558055200363	S100a10
1.0097297602192035e-6	1.1391928524842219	0.205	0.017	0.019504949778154354	Plxnc1
1.0288609948287296e-6	1.4098675365050393	0.436	0.117	0.01987450783710657	Spink10
1.0510580674147944e-6	-0.501387503599632	0.974	0.994	0.020303288688251583	Arf1
1.0585593315966895e-6	0.48738861295162783	1	1	0.02044819060845325	Ndufc2
1.0622272842113966e-6	1.6793072921298065	0.256	0.034	0.020519044449111547	Galnt13
1.0639231492372411e-6	-1.3616231827321006	0.513	0.76	0.020551803473815786	Ostf1
1.0649868123855143e-6	-2.6345614642883053	0	0.425	0.02057235025485098	Ces1d
1.1138022703079617e-6	-1.2171673289173837	0.667	0.872	0.021515318455538897	Rnh1
1.118082801030276e-6	-2.1291124650150293	0.026	0.464	0.021598005467501843	Pls1
1.1913499370972573e-6	1.0267231710639821	0.872	0.693	0.02301330673490772	Gkap1
1.1979282160140953e-6	0.7986077353487204	0.385	0.084	0.02314037934874428	Igfbp2
1.2049002847136984e-6	1.21713365134592	0.923	0.743	0.02327505879981451	Magi2
1.2091643156101384e-6	1.120403403931977	0.769	0.436	0.023357427084641044	Fam171b
1.2172968871596661e-6	0.7550819353948257	0.205	0.017	0.02351452396926327	Sema6b
1.230280944748669e-6	0.8410706205413594	0.974	0.883	0.02376533700971004	Peg3
1.2336359233429208e-6	-2.550477118178231	0.051	0.464	0.0238301451312152	B3gat2
1.2370357857137674e-6	-0.6803763341890203	1	0.989	0.023895820272632845	Bnip3l
1.2372043211646199e-6	1.0531738465661866	0.744	0.374	0.023899075871936962	Ap1m1
1.246243117750551e-6	-2.576255681525853	0.077	0.492	0.024073678305587397	Arhgap18
1.289029686828643e-6	1.215505493469685	0.615	0.212	0.024900186460468897	Epdr1
1.2905406797461808e-6	0.4894760600783643	0.974	1	0.024929374310656973	Mtch1
1.30560959035195e-6	-2.435591470926514	0.051	0.492	0.025220460456828617	Csgalnact1
1.3295364593496047e-6	-1.1396243656598588	0.744	0.855	0.025682655785256314	Kcnq1
1.3335009249821366e-6	-3.196134310329529	0	0.419	0.025759237367879932	Pde11a
1.353905182543127e-6	0.9034901212404618	1	0.749	0.026153386411185586	Fmnl2
1.3544318009300482e-6	-1.1213334935974684	0.692	0.855	0.026163559098565742	Fndc3b
1.3582409370564504e-6	1.0496029271870642	0.59	0.201	0.026237140181119452	Zcchc18
1.3692077751142483e-6	1.2000001721666416	0.128	0	0.026448986591881937	Esrrg
1.3692077751142483e-6	0.9339078743052105	0.128	0	0.026448986591881937	Greb1
1.3692077751142483e-6	0.6152490588694777	0.128	0	0.026448986591881937	Mpped1
1.3692077751142483e-6	0.676682769763937	0.128	0	0.026448986591881937	Fbln7
1.3692077751142483e-6	0.6933496457864705	0.128	0	0.026448986591881937	Clca3a1
1.3692077751142483e-6	0.5427884273348074	0.128	0	0.026448986591881937	Camkv
1.3924985504043289e-6	1.1987087860326557	0.795	0.475	0.026898894498160422	Fnbp1l
1.4360724898567276e-6	1.0759651531195047	0.641	0.263	0.027740612286562407	Lrp3
1.4864153369004644e-6	-1.4721924883951958	0.359	0.754	0.02871308506290627	Nbl1
1.6229007111043692e-6	0.8039564517235758	0.179	0.011	0.0313495730364031	Dusp26
1.6251797491957375e-6	0.981362865047034	0.949	0.771	0.031393597215214064	Cdk14
1.6609739066675573e-6	-0.7850888023802517	0.949	0.978	0.0320850329550972	Taldo1
1.6847322864850148e-6	-0.4626947657323668	1	1	0.03254397357803103	Ppp1ca
1.756541521914364e-6	-0.8408651578030947	0.692	0.905	0.03393111257881977	Gde1
1.7882019955500272e-6	1.012283054027658	0.282	0.045	0.03454269794803987	Mecom
1.8188281949009157e-6	-1.1473316456926208	0.744	0.894	0.03513430424090099	Lmo7
1.8296139719294848e-6	1.42032673251581	0.487	0.156	0.03534265309576186	Svop
1.8402270491027423e-6	1.585357421902444	0.154	0.006	0.03554766590751767	Dok6
1.8402270491027423e-6	1.5205469533881046	0.154	0.006	0.03554766590751767	Epha7
1.8402270491027423e-6	0.6939309615811737	0.154	0.006	0.03554766590751767	Gm34121
1.8431735278458882e-6	-1.355652787693822	0.615	0.821	0.035604583037399024	Lrig1
1.9764679381926784e-6	0.9164218222407108	0.256	0.034	0.03817943116206797	Tmem169
1.9963770273049025e-6	1.1857684047315695	0.231	0.028	0.0385640150364488	Sapcd1
2.0007995671418426e-6	-1.890980348019162	0.128	0.536	0.03864944523847898	Sox13
2.0109189981900854e-6	0.5996101076637632	1	0.916	0.03884492228803788	Khdrbs1
2.0157994302368568e-6	1.2756131513868478	0.41	0.106	0.03893919759388536	Ptprr
2.0475979760272363e-6	1.2398968519534361	0.564	0.207	0.03955345010291812	Nectin3
2.057893830576214e-6	-1.1317010859354566	0.821	0.888	0.03975233512524073	Jakmip2
2.067549764129503e-6	0.8888746001961567	0.179	0.011	0.03993885879368961	Snai2
2.067549764129503e-6	0.8448702527215417	0.179	0.011	0.03993885879368961	Iglon5
2.0789549985140693e-6	-2.1229878076107527	0	0.408	0.04015917370629628	Ovol1
2.0789549985140693e-6	-4.691692611028787	0	0.408	0.04015917370629628	Wfdc2
2.080327935003571e-6	1.0030674481915567	0.487	0.145	0.04018569472046398	Pnmal1
2.086763468199114e-6	1.2431987583622623	0.333	0.067	0.04031000991520228	Lix1l
2.1088657830210415e-6	0.6274367256054809	0.154	0.006	0.04073696033061746	Lmo3
2.1308199074444796e-6	0.9476736274835509	0.231	0.028	0.041161048152105015	Bend5
2.1632129726951446e-6	-0.582125811418621	1	0.989	0.04178678499355211	Tmed9
2.1852904850144353e-6	1.0833327618623478	0.641	0.279	0.042213256299023845	Mtr
2.1872813110845918e-6	-1.7046489839756664	0.308	0.67	0.04225171308622106	Psd3
2.2042082746151417e-6	-2.0305577035971814	0.051	0.458	0.04257869124074069	Gm37240
2.2049425553494982e-6	-1.4000598701190246	0.513	0.799	0.04259287534168626	Hoxb2
2.308470878756217e-6	0.5696290456125661	0.154	0.006	0.044592731964933845	Col11a1
2.4305271508611164e-6	-1.775774644135945	0.154	0.553	0.04695049297318419	Rreb1
2.4650217939636434e-6	1.3762792102230823	0.462	0.156	0.0476168259939957	Atl1
2.469491156436991e-6	-1.86522845049256	0.205	0.592	0.04770316066889335	Pls3
2.5104846862070175e-6	1.0698750908913641	0.282	0.045	0.048495032683460955	Adprhl1
2.5338771184359892e-6	-1.5260742202266337	0.359	0.693	0.048946904296828006	Nrtn
2.571423358715658e-6	1.1229066588126813	0.872	0.788	0.049672185020310365	Adgrv1
